# Inputfile where all used particles will be stored.
# Similar syntax to "eingabe-sonne.txt" with the exeption that after the number of particles
# there have to follow the exact quantity of spaces so that the number of chars in the line
# adds up to 32 (not counting the "\n" at the end)
2500                            
50 50 1.5 0 0 0 1 1 1 0 0
50 52.2 1.5 0 0 0 1 1 1 0 0
50 54.4 1.5 0 0 0 1 1 1 0 0
50 56.6 1.5 0 0 0 1 1 1 0 0
50 58.8 1.5 0 0 0 1 1 1 0 0
50 61 1.5 0 0 0 1 1 1 0 0
50 63.2 1.5 0 0 0 1 1 1 0 0
50 65.4 1.5 0 0 0 1 1 1 0 0
50 67.6 1.5 0 0 0 1 1 1 0 0
50 69.8 1.5 0 0 0 1 1 1 0 0
50 72 1.5 0 0 0 1 1 1 0 0
50 74.2 1.5 0 0 0 1 1 1 0 0
50 76.4 1.5 0 0 0 1 1 1 0 0
50 78.6 1.5 0 0 0 1 1 1 0 0
50 80.8 1.5 0 0 0 1 1 1 0 0
50 83 1.5 0 0 0 1 1 1 0 0
50 85.2 1.5 0 0 0 1 1 1 0 0
50 87.4 1.5 0 0 0 1 1 1 0 0
50 89.6 1.5 0 0 0 1 1 1 0 0
50 91.8 1.5 0 0 0 1 1 1 0 0
50 94 1.5 0 0 0 1 1 1 0 0
50 96.2 1.5 0 0 0 1 1 1 0 0
50 98.4 1.5 0 0 0 1 1 1 0 0
50 100.6 1.5 0 0 0 1 1 1 0 0
50 102.8 1.5 0 0 0 1 1 1 0 0
50 105 1.5 0 0 0 1 1 1 0 0
50 107.2 1.5 0 0 0 1 1 1 0 0
50 109.4 1.5 0 0 0 1 1 1 0 0
50 111.6 1.5 0 0 0 1 1 1 0 0
50 113.8 1.5 0 0 0 1 1 1 0 0
50 116 1.5 0 0 0 1 1 1 0 0
50 118.2 1.5 0 0 0 1 1 1 0 0
50 120.4 1.5 0 0 0 1 1 1 0 0
50 122.6 1.5 0 0 0 1 1 1 0 0
50 124.8 1.5 0 0 0 1 1 1 0 0
50 127 1.5 0 0 0 1 1 1 0 0
50 129.2 1.5 0 0 0 1 1 1 0 0
50 131.4 1.5 0 0 0 1 1 1 0 0
50 133.6 1.5 0 0 0 1 1 1 0 0
50 135.8 1.5 0 0 0 1 1 1 0 0
50 138 1.5 0 0 0 1 1 1 0 0
50 140.2 1.5 0 0 0 1 1 1 0 0
50 142.4 1.5 0 0 0 1 1 1 0 0
50 144.6 1.5 0 0 0 1 1 1 0 0
50 146.8 1.5 0 0 0 1 1 1 0 0
50 149 1.5 0 0 0 1 1 1 0 0
50 151.2 1.5 0 0 0 1 1 1 0 0
50 153.4 1.5 0 0 0 1 1 1 0 0
50 155.6 1.5 0 0 0 1 1 1 0 0
50 157.8 1.5 0 0 0 1 1 1 0 0
52.2 50 1.5 0 0 0 1 1 1 0 0
52.2 52.2 1.5 0 0 0 1 1 1 0 0
52.2 54.4 1.5 0 0 0 1 1 1 0 0
52.2 56.6 1.5 0 0 0 1 1 1 0 0
52.2 58.8 1.5 0 0 0 1 1 1 0 0
52.2 61 1.5 0 0 0 1 1 1 0 0
52.2 63.2 1.5 0 0 0 1 1 1 0 0
52.2 65.4 1.5 0 0 0 1 1 1 0 0
52.2 67.6 1.5 0 0 0 1 1 1 0 0
52.2 69.8 1.5 0 0 0 1 1 1 0 0
52.2 72 1.5 0 0 0 1 1 1 0 0
52.2 74.2 1.5 0 0 0 1 1 1 0 0
52.2 76.4 1.5 0 0 0 1 1 1 0 0
52.2 78.6 1.5 0 0 0 1 1 1 0 0
52.2 80.8 1.5 0 0 0 1 1 1 0 0
52.2 83 1.5 0 0 0 1 1 1 0 0
52.2 85.2 1.5 0 0 0 1 1 1 0 0
52.2 87.4 1.5 0 0 0 1 1 1 0 0
52.2 89.6 1.5 0 0 0 1 1 1 0 0
52.2 91.8 1.5 0 0 0 1 1 1 0 0
52.2 94 1.5 0 0 0 1 1 1 0 0
52.2 96.2 1.5 0 0 0 1 1 1 0 0
52.2 98.4 1.5 0 0 0 1 1 1 0 0
52.2 100.6 1.5 0 0 0 1 1 1 0 0
52.2 102.8 1.5 0 0 0 1 1 1 0 0
52.2 105 1.5 0 0 0 1 1 1 0 0
52.2 107.2 1.5 0 0 0 1 1 1 0 0
52.2 109.4 1.5 0 0 0 1 1 1 0 0
52.2 111.6 1.5 0 0 0 1 1 1 0 0
52.2 113.8 1.5 0 0 0 1 1 1 0 0
52.2 116 1.5 0 0 0 1 1 1 0 0
52.2 118.2 1.5 0 0 0 1 1 1 0 0
52.2 120.4 1.5 0 0 0 1 1 1 0 0
52.2 122.6 1.5 0 0 0 1 1 1 0 0
52.2 124.8 1.5 0 0 0 1 1 1 0 0
52.2 127 1.5 0 0 0 1 1 1 0 0
52.2 129.2 1.5 0 0 0 1 1 1 0 0
52.2 131.4 1.5 0 0 0 1 1 1 0 0
52.2 133.6 1.5 0 0 0 1 1 1 0 0
52.2 135.8 1.5 0 0 0 1 1 1 0 0
52.2 138 1.5 0 0 0 1 1 1 0 0
52.2 140.2 1.5 0 0 0 1 1 1 0 0
52.2 142.4 1.5 0 0 0 1 1 1 0 0
52.2 144.6 1.5 0 0 0 1 1 1 0 0
52.2 146.8 1.5 0 0 0 1 1 1 0 0
52.2 149 1.5 0 0 0 1 1 1 0 0
52.2 151.2 1.5 0 0 0 1 1 1 0 0
52.2 153.4 1.5 0 0 0 1 1 1 0 0
52.2 155.6 1.5 0 0 0 1 1 1 0 0
52.2 157.8 1.5 0 0 0 1 1 1 0 0
54.4 50 1.5 0 0 0 1 1 1 0 0
54.4 52.2 1.5 0 0 0 1 1 1 0 0
54.4 54.4 1.5 0 0 0 1 1 1 0 0
54.4 56.6 1.5 0 0 0 1 1 1 0 0
54.4 58.8 1.5 0 0 0 1 1 1 0 0
54.4 61 1.5 0 0 0 1 1 1 0 0
54.4 63.2 1.5 0 0 0 1 1 1 0 0
54.4 65.4 1.5 0 0 0 1 1 1 0 0
54.4 67.6 1.5 0 0 0 1 1 1 0 0
54.4 69.8 1.5 0 0 0 1 1 1 0 0
54.4 72 1.5 0 0 0 1 1 1 0 0
54.4 74.2 1.5 0 0 0 1 1 1 0 0
54.4 76.4 1.5 0 0 0 1 1 1 0 0
54.4 78.6 1.5 0 0 0 1 1 1 0 0
54.4 80.8 1.5 0 0 0 1 1 1 0 0
54.4 83 1.5 0 0 0 1 1 1 0 0
54.4 85.2 1.5 0 0 0 1 1 1 0 0
54.4 87.4 1.5 0 0 0 1 1 1 0 0
54.4 89.6 1.5 0 0 0 1 1 1 0 0
54.4 91.8 1.5 0 0 0 1 1 1 0 0
54.4 94 1.5 0 0 0 1 1 1 0 0
54.4 96.2 1.5 0 0 0 1 1 1 0 0
54.4 98.4 1.5 0 0 0 1 1 1 0 0
54.4 100.6 1.5 0 0 0 1 1 1 0 0
54.4 102.8 1.5 0 0 0 1 1 1 0 0
54.4 105 1.5 0 0 0 1 1 1 0 0
54.4 107.2 1.5 0 0 0 1 1 1 0 0
54.4 109.4 1.5 0 0 0 1 1 1 0 0
54.4 111.6 1.5 0 0 0 1 1 1 0 0
54.4 113.8 1.5 0 0 0 1 1 1 0 0
54.4 116 1.5 0 0 0 1 1 1 0 0
54.4 118.2 1.5 0 0 0 1 1 1 0 0
54.4 120.4 1.5 0 0 0 1 1 1 0 0
54.4 122.6 1.5 0 0 0 1 1 1 0 0
54.4 124.8 1.5 0 0 0 1 1 1 0 0
54.4 127 1.5 0 0 0 1 1 1 0 0
54.4 129.2 1.5 0 0 0 1 1 1 0 0
54.4 131.4 1.5 0 0 0 1 1 1 0 0
54.4 133.6 1.5 0 0 0 1 1 1 0 0
54.4 135.8 1.5 0 0 0 1 1 1 0 0
54.4 138 1.5 0 0 0 1 1 1 0 0
54.4 140.2 1.5 0 0 0 1 1 1 0 0
54.4 142.4 1.5 0 0 0 1 1 1 0 0
54.4 144.6 1.5 0 0 0 1 1 1 0 0
54.4 146.8 1.5 0 0 0 1 1 1 0 0
54.4 149 1.5 0 0 0 1 1 1 0 0
54.4 151.2 1.5 0 0 0 1 1 1 0 0
54.4 153.4 1.5 0 0 0 1 1 1 0 0
54.4 155.6 1.5 0 0 0 1 1 1 0 0
54.4 157.8 1.5 0 0 0 1 1 1 0 0
56.6 50 1.5 0 0 0 1 1 1 0 0
56.6 52.2 1.5 0 0 0 1 1 1 0 0
56.6 54.4 1.5 0 0 0 1 1 1 0 0
56.6 56.6 1.5 0 0 0 1 1 1 0 0
56.6 58.8 1.5 0 0 0 1 1 1 0 0
56.6 61 1.5 0 0 0 1 1 1 0 0
56.6 63.2 1.5 0 0 0 1 1 1 0 0
56.6 65.4 1.5 0 0 0 1 1 1 0 0
56.6 67.6 1.5 0 0 0 1 1 1 0 0
56.6 69.8 1.5 0 0 0 1 1 1 0 0
56.6 72 1.5 0 0 0 1 1 1 0 0
56.6 74.2 1.5 0 0 0 1 1 1 0 0
56.6 76.4 1.5 0 0 0 1 1 1 0 0
56.6 78.6 1.5 0 0 0 1 1 1 0 0
56.6 80.8 1.5 0 0 0 1 1 1 0 0
56.6 83 1.5 0 0 0 1 1 1 0 0
56.6 85.2 1.5 0 0 0 1 1 1 0 0
56.6 87.4 1.5 0 0 0 1 1 1 0 0
56.6 89.6 1.5 0 0 0 1 1 1 0 0
56.6 91.8 1.5 0 0 0 1 1 1 0 0
56.6 94 1.5 0 0 0 1 1 1 0 0
56.6 96.2 1.5 0 0 0 1 1 1 0 0
56.6 98.4 1.5 0 0 0 1 1 1 0 0
56.6 100.6 1.5 0 0 0 1 1 1 0 0
56.6 102.8 1.5 0 0 0 1 1 1 0 0
56.6 105 1.5 0 0 0 1 1 1 0 0
56.6 107.2 1.5 0 0 0 1 1 1 0 0
56.6 109.4 1.5 0 0 0 1 1 1 0 0
56.6 111.6 1.5 0 0 0 1 1 1 0 0
56.6 113.8 1.5 0 0 0 1 1 1 0 0
56.6 116 1.5 0 0 0 1 1 1 0 0
56.6 118.2 1.5 0 0 0 1 1 1 0 0
56.6 120.4 1.5 0 0 0 1 1 1 0 0
56.6 122.6 1.5 0 0 0 1 1 1 0 0
56.6 124.8 1.5 0 0 0 1 1 1 0 0
56.6 127 1.5 0 0 0 1 1 1 0 0
56.6 129.2 1.5 0 0 0 1 1 1 0 0
56.6 131.4 1.5 0 0 0 1 1 1 0 0
56.6 133.6 1.5 0 0 0 1 1 1 0 0
56.6 135.8 1.5 0 0 0 1 1 1 0 0
56.6 138 1.5 0 0 0 1 1 1 0 0
56.6 140.2 1.5 0 0 0 1 1 1 0 0
56.6 142.4 1.5 0 0 0 1 1 1 0 0
56.6 144.6 1.5 0 0 0 1 1 1 0 0
56.6 146.8 1.5 0 0 0 1 1 1 0 0
56.6 149 1.5 0 0 0 1 1 1 0 0
56.6 151.2 1.5 0 0 0 1 1 1 0 0
56.6 153.4 1.5 0 0 0 1 1 1 0 0
56.6 155.6 1.5 0 0 0 1 1 1 0 0
56.6 157.8 1.5 0 0 0 1 1 1 0 0
58.8 50 1.5 0 0 0 1 1 1 0 0
58.8 52.2 1.5 0 0 0 1 1 1 0 0
58.8 54.4 1.5 0 0 0 1 1 1 0 0
58.8 56.6 1.5 0 0 0 1 1 1 0 0
58.8 58.8 1.5 0 0 0 1 1 1 0 0
58.8 61 1.5 0 0 0 1 1 1 0 0
58.8 63.2 1.5 0 0 0 1 1 1 0 0
58.8 65.4 1.5 0 0 0 1 1 1 0 0
58.8 67.6 1.5 0 0 0 1 1 1 0 0
58.8 69.8 1.5 0 0 0 1 1 1 0 0
58.8 72 1.5 0 0 0 1 1 1 0 0
58.8 74.2 1.5 0 0 0 1 1 1 0 0
58.8 76.4 1.5 0 0 0 1 1 1 0 0
58.8 78.6 1.5 0 0 0 1 1 1 0 0
58.8 80.8 1.5 0 0 0 1 1 1 0 0
58.8 83 1.5 0 0 0 1 1 1 0 0
58.8 85.2 1.5 0 0 0 1 1 1 0 0
58.8 87.4 1.5 0 0 0 1 1 1 0 0
58.8 89.6 1.5 0 0 0 1 1 1 0 0
58.8 91.8 1.5 0 0 0 1 1 1 0 0
58.8 94 1.5 0 0 0 1 1 1 0 0
58.8 96.2 1.5 0 0 0 1 1 1 0 0
58.8 98.4 1.5 0 0 0 1 1 1 0 0
58.8 100.6 1.5 0 0 0 1 1 1 0 0
58.8 102.8 1.5 0 0 0 1 1 1 0 0
58.8 105 1.5 0 0 0 1 1 1 0 0
58.8 107.2 1.5 0 0 0 1 1 1 0 0
58.8 109.4 1.5 0 0 0 1 1 1 0 0
58.8 111.6 1.5 0 0 0 1 1 1 0 0
58.8 113.8 1.5 0 0 0 1 1 1 0 0
58.8 116 1.5 0 0 0 1 1 1 0 0
58.8 118.2 1.5 0 0 0 1 1 1 0 0
58.8 120.4 1.5 0 0 0 1 1 1 0 0
58.8 122.6 1.5 0 0 0 1 1 1 0 0
58.8 124.8 1.5 0 0 0 1 1 1 0 0
58.8 127 1.5 0 0 0 1 1 1 0 0
58.8 129.2 1.5 0 0 0 1 1 1 0 0
58.8 131.4 1.5 0 0 0 1 1 1 0 0
58.8 133.6 1.5 0 0 0 1 1 1 0 0
58.8 135.8 1.5 0 0 0 1 1 1 0 0
58.8 138 1.5 0 0 0 1 1 1 0 0
58.8 140.2 1.5 0 0 0 1 1 1 0 0
58.8 142.4 1.5 0 0 0 1 1 1 0 0
58.8 144.6 1.5 0 0 0 1 1 1 0 0
58.8 146.8 1.5 0 0 0 1 1 1 0 0
58.8 149 1.5 0 0 0 1 1 1 0 0
58.8 151.2 1.5 0 0 0 1 1 1 0 0
58.8 153.4 1.5 0 0 0 1 1 1 0 0
58.8 155.6 1.5 0 0 0 1 1 1 0 0
58.8 157.8 1.5 0 0 0 1 1 1 0 0
61 50 1.5 0 0 0 1 1 1 0 0
61 52.2 1.5 0 0 0 1 1 1 0 0
61 54.4 1.5 0 0 0 1 1 1 0 0
61 56.6 1.5 0 0 0 1 1 1 0 0
61 58.8 1.5 0 0 0 1 1 1 0 0
61 61 1.5 0 0 0 1 1 1 0 0
61 63.2 1.5 0 0 0 1 1 1 0 0
61 65.4 1.5 0 0 0 1 1 1 0 0
61 67.6 1.5 0 0 0 1 1 1 0 0
61 69.8 1.5 0 0 0 1 1 1 0 0
61 72 1.5 0 0 0 1 1 1 0 0
61 74.2 1.5 0 0 0 1 1 1 0 0
61 76.4 1.5 0 0 0 1 1 1 0 0
61 78.6 1.5 0 0 0 1 1 1 0 0
61 80.8 1.5 0 0 0 1 1 1 0 0
61 83 1.5 0 0 0 1 1 1 0 0
61 85.2 1.5 0 0 0 1 1 1 0 0
61 87.4 1.5 0 0 0 1 1 1 0 0
61 89.6 1.5 0 0 0 1 1 1 0 0
61 91.8 1.5 0 0 0 1 1 1 0 0
61 94 1.5 0 0 0 1 1 1 0 0
61 96.2 1.5 0 0 0 1 1 1 0 0
61 98.4 1.5 0 0 0 1 1 1 0 0
61 100.6 1.5 0 0 0 1 1 1 0 0
61 102.8 1.5 0 0 0 1 1 1 0 0
61 105 1.5 0 0 0 1 1 1 0 0
61 107.2 1.5 0 0 0 1 1 1 0 0
61 109.4 1.5 0 0 0 1 1 1 0 0
61 111.6 1.5 0 0 0 1 1 1 0 0
61 113.8 1.5 0 0 0 1 1 1 0 0
61 116 1.5 0 0 0 1 1 1 0 0
61 118.2 1.5 0 0 0 1 1 1 0 0
61 120.4 1.5 0 0 0 1 1 1 0 0
61 122.6 1.5 0 0 0 1 1 1 0 0
61 124.8 1.5 0 0 0 1 1 1 0 0
61 127 1.5 0 0 0 1 1 1 0 0
61 129.2 1.5 0 0 0 1 1 1 0 0
61 131.4 1.5 0 0 0 1 1 1 0 0
61 133.6 1.5 0 0 0 1 1 1 0 0
61 135.8 1.5 0 0 0 1 1 1 0 0
61 138 1.5 0 0 0 1 1 1 0 0
61 140.2 1.5 0 0 0 1 1 1 0 0
61 142.4 1.5 0 0 0 1 1 1 0 0
61 144.6 1.5 0 0 0 1 1 1 0 0
61 146.8 1.5 0 0 0 1 1 1 0 0
61 149 1.5 0 0 0 1 1 1 0 0
61 151.2 1.5 0 0 0 1 1 1 0 0
61 153.4 1.5 0 0 0 1 1 1 0 0
61 155.6 1.5 0 0 0 1 1 1 0 0
61 157.8 1.5 0 0 0 1 1 1 0 0
63.2 50 1.5 0 0 0 1 1 1 0 0
63.2 52.2 1.5 0 0 0 1 1 1 0 0
63.2 54.4 1.5 0 0 0 1 1 1 0 0
63.2 56.6 1.5 0 0 0 1 1 1 0 0
63.2 58.8 1.5 0 0 0 1 1 1 0 0
63.2 61 1.5 0 0 0 1 1 1 0 0
63.2 63.2 1.5 0 0 0 1 1 1 0 0
63.2 65.4 1.5 0 0 0 1 1 1 0 0
63.2 67.6 1.5 0 0 0 1 1 1 0 0
63.2 69.8 1.5 0 0 0 1 1 1 0 0
63.2 72 1.5 0 0 0 1 1 1 0 0
63.2 74.2 1.5 0 0 0 1 1 1 0 0
63.2 76.4 1.5 0 0 0 1 1 1 0 0
63.2 78.6 1.5 0 0 0 1 1 1 0 0
63.2 80.8 1.5 0 0 0 1 1 1 0 0
63.2 83 1.5 0 0 0 1 1 1 0 0
63.2 85.2 1.5 0 0 0 1 1 1 0 0
63.2 87.4 1.5 0 0 0 1 1 1 0 0
63.2 89.6 1.5 0 0 0 1 1 1 0 0
63.2 91.8 1.5 0 0 0 1 1 1 0 0
63.2 94 1.5 0 0 0 1 1 1 0 0
63.2 96.2 1.5 0 0 0 1 1 1 0 0
63.2 98.4 1.5 0 0 0 1 1 1 0 0
63.2 100.6 1.5 0 0 0 1 1 1 0 0
63.2 102.8 1.5 0 0 0 1 1 1 0 0
63.2 105 1.5 0 0 0 1 1 1 0 0
63.2 107.2 1.5 0 0 0 1 1 1 0 0
63.2 109.4 1.5 0 0 0 1 1 1 0 0
63.2 111.6 1.5 0 0 0 1 1 1 0 0
63.2 113.8 1.5 0 0 0 1 1 1 0 0
63.2 116 1.5 0 0 0 1 1 1 0 0
63.2 118.2 1.5 0 0 0 1 1 1 0 0
63.2 120.4 1.5 0 0 0 1 1 1 0 0
63.2 122.6 1.5 0 0 0 1 1 1 0 0
63.2 124.8 1.5 0 0 0 1 1 1 0 0
63.2 127 1.5 0 0 0 1 1 1 0 0
63.2 129.2 1.5 0 0 0 1 1 1 0 0
63.2 131.4 1.5 0 0 0 1 1 1 0 0
63.2 133.6 1.5 0 0 0 1 1 1 0 0
63.2 135.8 1.5 0 0 0 1 1 1 0 0
63.2 138 1.5 0 0 0 1 1 1 0 0
63.2 140.2 1.5 0 0 0 1 1 1 0 0
63.2 142.4 1.5 0 0 0 1 1 1 0 0
63.2 144.6 1.5 0 0 0 1 1 1 0 0
63.2 146.8 1.5 0 0 0 1 1 1 0 0
63.2 149 1.5 0 0 0 1 1 1 0 0
63.2 151.2 1.5 0 0 0 1 1 1 0 0
63.2 153.4 1.5 0 0 0 1 1 1 0 0
63.2 155.6 1.5 0 0 0 1 1 1 0 0
63.2 157.8 1.5 0 0 0 1 1 1 0 0
65.4 50 1.5 0 0 0 1 1 1 0 0
65.4 52.2 1.5 0 0 0 1 1 1 0 0
65.4 54.4 1.5 0 0 0 1 1 1 0 0
65.4 56.6 1.5 0 0 0 1 1 1 0 0
65.4 58.8 1.5 0 0 0 1 1 1 0 0
65.4 61 1.5 0 0 0 1 1 1 0 0
65.4 63.2 1.5 0 0 0 1 1 1 0 0
65.4 65.4 1.5 0 0 0 1 1 1 0 0
65.4 67.6 1.5 0 0 0 1 1 1 0 0
65.4 69.8 1.5 0 0 0 1 1 1 0 0
65.4 72 1.5 0 0 0 1 1 1 0 0
65.4 74.2 1.5 0 0 0 1 1 1 0 0
65.4 76.4 1.5 0 0 0 1 1 1 0 0
65.4 78.6 1.5 0 0 0 1 1 1 0 0
65.4 80.8 1.5 0 0 0 1 1 1 0 0
65.4 83 1.5 0 0 0 1 1 1 0 0
65.4 85.2 1.5 0 0 0 1 1 1 0 0
65.4 87.4 1.5 0 0 0 1 1 1 0 0
65.4 89.6 1.5 0 0 0 1 1 1 0 0
65.4 91.8 1.5 0 0 0 1 1 1 0 0
65.4 94 1.5 0 0 0 1 1 1 0 0
65.4 96.2 1.5 0 0 0 1 1 1 0 0
65.4 98.4 1.5 0 0 0 1 1 1 0 0
65.4 100.6 1.5 0 0 0 1 1 1 0 0
65.4 102.8 1.5 0 0 0 1 1 1 0 0
65.4 105 1.5 0 0 0 1 1 1 0 0
65.4 107.2 1.5 0 0 0 1 1 1 0 0
65.4 109.4 1.5 0 0 0 1 1 1 0 0
65.4 111.6 1.5 0 0 0 1 1 1 0 0
65.4 113.8 1.5 0 0 0 1 1 1 0 0
65.4 116 1.5 0 0 0 1 1 1 0 0
65.4 118.2 1.5 0 0 0 1 1 1 0 0
65.4 120.4 1.5 0 0 0 1 1 1 0 0
65.4 122.6 1.5 0 0 0 1 1 1 0 0
65.4 124.8 1.5 0 0 0 1 1 1 0 0
65.4 127 1.5 0 0 0 1 1 1 0 0
65.4 129.2 1.5 0 0 0 1 1 1 0 0
65.4 131.4 1.5 0 0 0 1 1 1 0 0
65.4 133.6 1.5 0 0 0 1 1 1 0 0
65.4 135.8 1.5 0 0 0 1 1 1 0 0
65.4 138 1.5 0 0 0 1 1 1 0 0
65.4 140.2 1.5 0 0 0 1 1 1 0 0
65.4 142.4 1.5 0 0 0 1 1 1 0 0
65.4 144.6 1.5 0 0 0 1 1 1 0 0
65.4 146.8 1.5 0 0 0 1 1 1 0 0
65.4 149 1.5 0 0 0 1 1 1 0 0
65.4 151.2 1.5 0 0 0 1 1 1 0 0
65.4 153.4 1.5 0 0 0 1 1 1 0 0
65.4 155.6 1.5 0 0 0 1 1 1 0 0
65.4 157.8 1.5 0 0 0 1 1 1 0 0
67.6 50 1.5 0 0 0 1 1 1 0 0
67.6 52.2 1.5 0 0 0 1 1 1 0 0
67.6 54.4 1.5 0 0 0 1 1 1 0 0
67.6 56.6 1.5 0 0 0 1 1 1 0 0
67.6 58.8 1.5 0 0 0 1 1 1 0 0
67.6 61 1.5 0 0 0 1 1 1 0 0
67.6 63.2 1.5 0 0 0 1 1 1 0 0
67.6 65.4 1.5 0 0 0 1 1 1 0 0
67.6 67.6 1.5 0 0 0 1 1 1 0 0
67.6 69.8 1.5 0 0 0 1 1 1 0 0
67.6 72 1.5 0 0 0 1 1 1 0 0
67.6 74.2 1.5 0 0 0 1 1 1 0 0
67.6 76.4 1.5 0 0 0 1 1 1 0 0
67.6 78.6 1.5 0 0 0 1 1 1 0 0
67.6 80.8 1.5 0 0 0 1 1 1 0 0
67.6 83 1.5 0 0 0 1 1 1 0 0
67.6 85.2 1.5 0 0 0 1 1 1 0 0
67.6 87.4 1.5 0 0 0 1 1 1 0 0
67.6 89.6 1.5 0 0 0 1 1 1 0 0
67.6 91.8 1.5 0 0 0 1 1 1 0 0
67.6 94 1.5 0 0 0 1 1 1 0 0
67.6 96.2 1.5 0 0 0 1 1 1 0 0
67.6 98.4 1.5 0 0 0 1 1 1 0 0
67.6 100.6 1.5 0 0 0 1 1 1 0 0
67.6 102.8 1.5 0 0 0 1 1 1 0 0
67.6 105 1.5 0 0 0 1 1 1 0 0
67.6 107.2 1.5 0 0 0 1 1 1 0 0
67.6 109.4 1.5 0 0 0 1 1 1 0 0
67.6 111.6 1.5 0 0 0 1 1 1 0 0
67.6 113.8 1.5 0 0 0 1 1 1 0 0
67.6 116 1.5 0 0 0 1 1 1 0 0
67.6 118.2 1.5 0 0 0 1 1 1 0 0
67.6 120.4 1.5 0 0 0 1 1 1 0 0
67.6 122.6 1.5 0 0 0 1 1 1 0 0
67.6 124.8 1.5 0 0 0 1 1 1 0 0
67.6 127 1.5 0 0 0 1 1 1 0 0
67.6 129.2 1.5 0 0 0 1 1 1 0 0
67.6 131.4 1.5 0 0 0 1 1 1 0 0
67.6 133.6 1.5 0 0 0 1 1 1 0 0
67.6 135.8 1.5 0 0 0 1 1 1 0 0
67.6 138 1.5 0 0 0 1 1 1 0 0
67.6 140.2 1.5 0 0 0 1 1 1 0 0
67.6 142.4 1.5 0 0 0 1 1 1 0 0
67.6 144.6 1.5 0 0 0 1 1 1 0 0
67.6 146.8 1.5 0 0 0 1 1 1 0 0
67.6 149 1.5 0 0 0 1 1 1 0 0
67.6 151.2 1.5 0 0 0 1 1 1 0 0
67.6 153.4 1.5 0 0 0 1 1 1 0 0
67.6 155.6 1.5 0 0 0 1 1 1 0 0
67.6 157.8 1.5 0 0 0 1 1 1 0 0
69.8 50 1.5 0 0 0 1 1 1 0 0
69.8 52.2 1.5 0 0 0 1 1 1 0 0
69.8 54.4 1.5 0 0 0 1 1 1 0 0
69.8 56.6 1.5 0 0 0 1 1 1 0 0
69.8 58.8 1.5 0 0 0 1 1 1 0 0
69.8 61 1.5 0 0 0 1 1 1 0 0
69.8 63.2 1.5 0 0 0 1 1 1 0 0
69.8 65.4 1.5 0 0 0 1 1 1 0 0
69.8 67.6 1.5 0 0 0 1 1 1 0 0
69.8 69.8 1.5 0 0 0 1 1 1 0 0
69.8 72 1.5 0 0 0 1 1 1 0 0
69.8 74.2 1.5 0 0 0 1 1 1 0 0
69.8 76.4 1.5 0 0 0 1 1 1 0 0
69.8 78.6 1.5 0 0 0 1 1 1 0 0
69.8 80.8 1.5 0 0 0 1 1 1 0 0
69.8 83 1.5 0 0 0 1 1 1 0 0
69.8 85.2 1.5 0 0 0 1 1 1 0 0
69.8 87.4 1.5 0 0 0 1 1 1 0 0
69.8 89.6 1.5 0 0 0 1 1 1 0 0
69.8 91.8 1.5 0 0 0 1 1 1 0 0
69.8 94 1.5 0 0 0 1 1 1 0 0
69.8 96.2 1.5 0 0 0 1 1 1 0 0
69.8 98.4 1.5 0 0 0 1 1 1 0 0
69.8 100.6 1.5 0 0 0 1 1 1 0 0
69.8 102.8 1.5 0 0 0 1 1 1 0 0
69.8 105 1.5 0 0 0 1 1 1 0 0
69.8 107.2 1.5 0 0 0 1 1 1 0 0
69.8 109.4 1.5 0 0 0 1 1 1 0 0
69.8 111.6 1.5 0 0 0 1 1 1 0 0
69.8 113.8 1.5 0 0 0 1 1 1 0 0
69.8 116 1.5 0 0 0 1 1 1 0 0
69.8 118.2 1.5 0 0 0 1 1 1 0 0
69.8 120.4 1.5 0 0 0 1 1 1 0 0
69.8 122.6 1.5 0 0 0 1 1 1 0 0
69.8 124.8 1.5 0 0 0 1 1 1 0 0
69.8 127 1.5 0 0 0 1 1 1 0 0
69.8 129.2 1.5 0 0 0 1 1 1 0 0
69.8 131.4 1.5 0 0 0 1 1 1 0 0
69.8 133.6 1.5 0 0 0 1 1 1 0 0
69.8 135.8 1.5 0 0 0 1 1 1 0 0
69.8 138 1.5 0 0 0 1 1 1 0 0
69.8 140.2 1.5 0 0 0 1 1 1 0 0
69.8 142.4 1.5 0 0 0 1 1 1 0 0
69.8 144.6 1.5 0 0 0 1 1 1 0 0
69.8 146.8 1.5 0 0 0 1 1 1 0 0
69.8 149 1.5 0 0 0 1 1 1 0 0
69.8 151.2 1.5 0 0 0 1 1 1 0 0
69.8 153.4 1.5 0 0 0 1 1 1 0 0
69.8 155.6 1.5 0 0 0 1 1 1 0 0
69.8 157.8 1.5 0 0 0 1 1 1 0 0
72 50 1.5 0 0 0 1 1 1 0 0
72 52.2 1.5 0 0 0 1 1 1 0 0
72 54.4 1.5 0 0 0 1 1 1 0 0
72 56.6 1.5 0 0 0 1 1 1 0 0
72 58.8 1.5 0 0 0 1 1 1 0 0
72 61 1.5 0 0 0 1 1 1 0 0
72 63.2 1.5 0 0 0 1 1 1 0 0
72 65.4 1.5 0 0 0 1 1 1 0 0
72 67.6 1.5 0 0 0 1 1 1 0 0
72 69.8 1.5 0 0 0 1 1 1 0 0
72 72 1.5 0 0 0 1 1 1 0 0
72 74.2 1.5 0 0 0 1 1 1 0 0
72 76.4 1.5 0 0 0 1 1 1 0 0
72 78.6 1.5 0 0 0 1 1 1 0 0
72 80.8 1.5 0 0 0 1 1 1 0 0
72 83 1.5 0 0 0 1 1 1 0 0
72 85.2 1.5 0 0 0 1 1 1 0 0
72 87.4 1.5 0 0 0 1 1 1 0 0
72 89.6 1.5 0 0 0 1 1 1 0 0
72 91.8 1.5 0 0 0 1 1 1 0 0
72 94 1.5 0 0 0 1 1 1 0 0
72 96.2 1.5 0 0 0 1 1 1 0 0
72 98.4 1.5 0 0 0 1 1 1 0 0
72 100.6 1.5 0 0 0 1 1 1 0 0
72 102.8 1.5 0 0 0 1 1 1 0 0
72 105 1.5 0 0 0 1 1 1 0 0
72 107.2 1.5 0 0 0 1 1 1 0 0
72 109.4 1.5 0 0 0 1 1 1 0 0
72 111.6 1.5 0 0 0 1 1 1 0 0
72 113.8 1.5 0 0 0 1 1 1 0 0
72 116 1.5 0 0 0 1 1 1 0 0
72 118.2 1.5 0 0 0 1 1 1 0 0
72 120.4 1.5 0 0 0 1 1 1 0 0
72 122.6 1.5 0 0 0 1 1 1 0 0
72 124.8 1.5 0 0 0 1 1 1 0 0
72 127 1.5 0 0 0 1 1 1 0 0
72 129.2 1.5 0 0 0 1 1 1 0 0
72 131.4 1.5 0 0 0 1 1 1 0 0
72 133.6 1.5 0 0 0 1 1 1 0 0
72 135.8 1.5 0 0 0 1 1 1 0 0
72 138 1.5 0 0 0 1 1 1 0 0
72 140.2 1.5 0 0 0 1 1 1 0 0
72 142.4 1.5 0 0 0 1 1 1 0 0
72 144.6 1.5 0 0 0 1 1 1 0 0
72 146.8 1.5 0 0 0 1 1 1 0 0
72 149 1.5 0 0 0 1 1 1 0 0
72 151.2 1.5 0 0 0 1 1 1 0 0
72 153.4 1.5 0 0 0 1 1 1 0 0
72 155.6 1.5 0 0 0 1 1 1 0 0
72 157.8 1.5 0 0 0 1 1 1 0 0
74.2 50 1.5 0 0 0 1 1 1 0 0
74.2 52.2 1.5 0 0 0 1 1 1 0 0
74.2 54.4 1.5 0 0 0 1 1 1 0 0
74.2 56.6 1.5 0 0 0 1 1 1 0 0
74.2 58.8 1.5 0 0 0 1 1 1 0 0
74.2 61 1.5 0 0 0 1 1 1 0 0
74.2 63.2 1.5 0 0 0 1 1 1 0 0
74.2 65.4 1.5 0 0 0 1 1 1 0 0
74.2 67.6 1.5 0 0 0 1 1 1 0 0
74.2 69.8 1.5 0 0 0 1 1 1 0 0
74.2 72 1.5 0 0 0 1 1 1 0 0
74.2 74.2 1.5 0 0 0 1 1 1 0 0
74.2 76.4 1.5 0 0 0 1 1 1 0 0
74.2 78.6 1.5 0 0 0 1 1 1 0 0
74.2 80.8 1.5 0 0 0 1 1 1 0 0
74.2 83 1.5 0 0 0 1 1 1 0 0
74.2 85.2 1.5 0 0 0 1 1 1 0 0
74.2 87.4 1.5 0 0 0 1 1 1 0 0
74.2 89.6 1.5 0 0 0 1 1 1 0 0
74.2 91.8 1.5 0 0 0 1 1 1 0 0
74.2 94 1.5 0 0 0 1 1 1 0 0
74.2 96.2 1.5 0 0 0 1 1 1 0 0
74.2 98.4 1.5 0 0 0 1 1 1 0 0
74.2 100.6 1.5 0 0 0 1 1 1 0 0
74.2 102.8 1.5 0 0 0 1 1 1 0 0
74.2 105 1.5 0 0 0 1 1 1 0 0
74.2 107.2 1.5 0 0 0 1 1 1 0 0
74.2 109.4 1.5 0 0 0 1 1 1 0 0
74.2 111.6 1.5 0 0 0 1 1 1 0 0
74.2 113.8 1.5 0 0 0 1 1 1 0 0
74.2 116 1.5 0 0 0 1 1 1 0 0
74.2 118.2 1.5 0 0 0 1 1 1 0 0
74.2 120.4 1.5 0 0 0 1 1 1 0 0
74.2 122.6 1.5 0 0 0 1 1 1 0 0
74.2 124.8 1.5 0 0 0 1 1 1 0 0
74.2 127 1.5 0 0 0 1 1 1 0 0
74.2 129.2 1.5 0 0 0 1 1 1 0 0
74.2 131.4 1.5 0 0 0 1 1 1 0 0
74.2 133.6 1.5 0 0 0 1 1 1 0 0
74.2 135.8 1.5 0 0 0 1 1 1 0 0
74.2 138 1.5 0 0 0 1 1 1 0 0
74.2 140.2 1.5 0 0 0 1 1 1 0 0
74.2 142.4 1.5 0 0 0 1 1 1 0 0
74.2 144.6 1.5 0 0 0 1 1 1 0 0
74.2 146.8 1.5 0 0 0 1 1 1 0 0
74.2 149 1.5 0 0 0 1 1 1 0 0
74.2 151.2 1.5 0 0 0 1 1 1 0 0
74.2 153.4 1.5 0 0 0 1 1 1 0 0
74.2 155.6 1.5 0 0 0 1 1 1 0 0
74.2 157.8 1.5 0 0 0 1 1 1 0 0
76.4 50 1.5 0 0 0 1 1 1 0 0
76.4 52.2 1.5 0 0 0 1 1 1 0 0
76.4 54.4 1.5 0 0 0 1 1 1 0 0
76.4 56.6 1.5 0 0 0 1 1 1 0 0
76.4 58.8 1.5 0 0 0 1 1 1 0 0
76.4 61 1.5 0 0 0 1 1 1 0 0
76.4 63.2 1.5 0 0 0 1 1 1 0 0
76.4 65.4 1.5 0 0 0 1 1 1 0 0
76.4 67.6 1.5 0 0 0 1 1 1 0 0
76.4 69.8 1.5 0 0 0 1 1 1 0 0
76.4 72 1.5 0 0 0 1 1 1 0 0
76.4 74.2 1.5 0 0 0 1 1 1 0 0
76.4 76.4 1.5 0 0 0 1 1 1 0 0
76.4 78.6 1.5 0 0 0 1 1 1 0 0
76.4 80.8 1.5 0 0 0 1 1 1 0 0
76.4 83 1.5 0 0 0 1 1 1 0 0
76.4 85.2 1.5 0 0 0 1 1 1 0 0
76.4 87.4 1.5 0 0 0 1 1 1 0 0
76.4 89.6 1.5 0 0 0 1 1 1 0 0
76.4 91.8 1.5 0 0 0 1 1 1 0 0
76.4 94 1.5 0 0 0 1 1 1 0 0
76.4 96.2 1.5 0 0 0 1 1 1 0 0
76.4 98.4 1.5 0 0 0 1 1 1 0 0
76.4 100.6 1.5 0 0 0 1 1 1 0 0
76.4 102.8 1.5 0 0 0 1 1 1 0 0
76.4 105 1.5 0 0 0 1 1 1 0 0
76.4 107.2 1.5 0 0 0 1 1 1 0 0
76.4 109.4 1.5 0 0 0 1 1 1 0 0
76.4 111.6 1.5 0 0 0 1 1 1 0 0
76.4 113.8 1.5 0 0 0 1 1 1 0 0
76.4 116 1.5 0 0 0 1 1 1 0 0
76.4 118.2 1.5 0 0 0 1 1 1 0 0
76.4 120.4 1.5 0 0 0 1 1 1 0 0
76.4 122.6 1.5 0 0 0 1 1 1 0 0
76.4 124.8 1.5 0 0 0 1 1 1 0 0
76.4 127 1.5 0 0 0 1 1 1 0 0
76.4 129.2 1.5 0 0 0 1 1 1 0 0
76.4 131.4 1.5 0 0 0 1 1 1 0 0
76.4 133.6 1.5 0 0 0 1 1 1 0 0
76.4 135.8 1.5 0 0 0 1 1 1 0 0
76.4 138 1.5 0 0 0 1 1 1 0 0
76.4 140.2 1.5 0 0 0 1 1 1 0 0
76.4 142.4 1.5 0 0 0 1 1 1 0 0
76.4 144.6 1.5 0 0 0 1 1 1 0 0
76.4 146.8 1.5 0 0 0 1 1 1 0 0
76.4 149 1.5 0 0 0 1 1 1 0 0
76.4 151.2 1.5 0 0 0 1 1 1 0 0
76.4 153.4 1.5 0 0 0 1 1 1 0 0
76.4 155.6 1.5 0 0 0 1 1 1 0 0
76.4 157.8 1.5 0 0 0 1 1 1 0 0
78.6 50 1.5 0 0 0 1 1 1 0 0
78.6 52.2 1.5 0 0 0 1 1 1 0 0
78.6 54.4 1.5 0 0 0 1 1 1 0 0
78.6 56.6 1.5 0 0 0 1 1 1 0 0
78.6 58.8 1.5 0 0 0 1 1 1 0 0
78.6 61 1.5 0 0 0 1 1 1 0 0
78.6 63.2 1.5 0 0 0 1 1 1 0 0
78.6 65.4 1.5 0 0 0 1 1 1 0 0
78.6 67.6 1.5 0 0 0 1 1 1 0 0
78.6 69.8 1.5 0 0 0 1 1 1 0 0
78.6 72 1.5 0 0 0 1 1 1 0 0
78.6 74.2 1.5 0 0 0 1 1 1 0 0
78.6 76.4 1.5 0 0 0 1 1 1 0 0
78.6 78.6 1.5 0 0 0 1 1 1 0 0
78.6 80.8 1.5 0 0 0 1 1 1 0 0
78.6 83 1.5 0 0 0 1 1 1 0 0
78.6 85.2 1.5 0 0 0 1 1 1 0 0
78.6 87.4 1.5 0 0 0 1 1 1 0 0
78.6 89.6 1.5 0 0 0 1 1 1 0 0
78.6 91.8 1.5 0 0 0 1 1 1 0 0
78.6 94 1.5 0 0 0 1 1 1 0 0
78.6 96.2 1.5 0 0 0 1 1 1 0 0
78.6 98.4 1.5 0 0 0 1 1 1 0 0
78.6 100.6 1.5 0 0 0 1 1 1 0 0
78.6 102.8 1.5 0 0 0 1 1 1 0 0
78.6 105 1.5 0 0 0 1 1 1 0 0
78.6 107.2 1.5 0 0 0 1 1 1 0 0
78.6 109.4 1.5 0 0 0 1 1 1 0 0
78.6 111.6 1.5 0 0 0 1 1 1 0 0
78.6 113.8 1.5 0 0 0 1 1 1 0 0
78.6 116 1.5 0 0 0 1 1 1 0 0
78.6 118.2 1.5 0 0 0 1 1 1 0 0
78.6 120.4 1.5 0 0 0 1 1 1 0 0
78.6 122.6 1.5 0 0 0 1 1 1 0 0
78.6 124.8 1.5 0 0 0 1 1 1 0 0
78.6 127 1.5 0 0 0 1 1 1 0 0
78.6 129.2 1.5 0 0 0 1 1 1 0 0
78.6 131.4 1.5 0 0 0 1 1 1 0 0
78.6 133.6 1.5 0 0 0 1 1 1 0 0
78.6 135.8 1.5 0 0 0 1 1 1 0 0
78.6 138 1.5 0 0 0 1 1 1 0 0
78.6 140.2 1.5 0 0 0 1 1 1 0 0
78.6 142.4 1.5 0 0 0 1 1 1 0 0
78.6 144.6 1.5 0 0 0 1 1 1 0 0
78.6 146.8 1.5 0 0 0 1 1 1 0 0
78.6 149 1.5 0 0 0 1 1 1 0 0
78.6 151.2 1.5 0 0 0 1 1 1 0 0
78.6 153.4 1.5 0 0 0 1 1 1 0 0
78.6 155.6 1.5 0 0 0 1 1 1 0 0
78.6 157.8 1.5 0 0 0 1 1 1 0 0
80.8 50 1.5 0 0 0 1 1 1 0 0
80.8 52.2 1.5 0 0 0 1 1 1 0 0
80.8 54.4 1.5 0 0 0 1 1 1 0 0
80.8 56.6 1.5 0 0 0 1 1 1 0 0
80.8 58.8 1.5 0 0 0 1 1 1 0 0
80.8 61 1.5 0 0 0 1 1 1 0 0
80.8 63.2 1.5 0 0 0 1 1 1 0 0
80.8 65.4 1.5 0 0 0 1 1 1 0 0
80.8 67.6 1.5 0 0 0 1 1 1 0 0
80.8 69.8 1.5 0 0 0 1 1 1 0 0
80.8 72 1.5 0 0 0 1 1 1 0 0
80.8 74.2 1.5 0 0 0 1 1 1 0 0
80.8 76.4 1.5 0 0 0 1 1 1 0 0
80.8 78.6 1.5 0 0 0 1 1 1 0 0
80.8 80.8 1.5 0 0 0 1 1 1 0 0
80.8 83 1.5 0 0 0 1 1 1 0 0
80.8 85.2 1.5 0 0 0 1 1 1 0 0
80.8 87.4 1.5 0 0 0 1 1 1 0 0
80.8 89.6 1.5 0 0 0 1 1 1 0 0
80.8 91.8 1.5 0 0 0 1 1 1 0 0
80.8 94 1.5 0 0 0 1 1 1 0 0
80.8 96.2 1.5 0 0 0 1 1 1 0 0
80.8 98.4 1.5 0 0 0 1 1 1 0 0
80.8 100.6 1.5 0 0 0 1 1 1 0 0
80.8 102.8 1.5 0 0 0 1 1 1 0 0
80.8 105 1.5 0 0 0 1 1 1 0 0
80.8 107.2 1.5 0 0 0 1 1 1 0 0
80.8 109.4 1.5 0 0 0 1 1 1 0 0
80.8 111.6 1.5 0 0 0 1 1 1 0 0
80.8 113.8 1.5 0 0 0 1 1 1 0 0
80.8 116 1.5 0 0 0 1 1 1 0 0
80.8 118.2 1.5 0 0 0 1 1 1 0 0
80.8 120.4 1.5 0 0 0 1 1 1 0 0
80.8 122.6 1.5 0 0 0 1 1 1 0 0
80.8 124.8 1.5 0 0 0 1 1 1 0 0
80.8 127 1.5 0 0 0 1 1 1 0 0
80.8 129.2 1.5 0 0 0 1 1 1 0 0
80.8 131.4 1.5 0 0 0 1 1 1 0 0
80.8 133.6 1.5 0 0 0 1 1 1 0 0
80.8 135.8 1.5 0 0 0 1 1 1 0 0
80.8 138 1.5 0 0 0 1 1 1 0 0
80.8 140.2 1.5 0 0 0 1 1 1 0 0
80.8 142.4 1.5 0 0 0 1 1 1 0 0
80.8 144.6 1.5 0 0 0 1 1 1 0 0
80.8 146.8 1.5 0 0 0 1 1 1 0 0
80.8 149 1.5 0 0 0 1 1 1 0 0
80.8 151.2 1.5 0 0 0 1 1 1 0 0
80.8 153.4 1.5 0 0 0 1 1 1 0 0
80.8 155.6 1.5 0 0 0 1 1 1 0 0
80.8 157.8 1.5 0 0 0 1 1 1 0 0
83 50 1.5 0 0 0 1 1 1 0 0
83 52.2 1.5 0 0 0 1 1 1 0 0
83 54.4 1.5 0 0 0 1 1 1 0 0
83 56.6 1.5 0 0 0 1 1 1 0 0
83 58.8 1.5 0 0 0 1 1 1 0 0
83 61 1.5 0 0 0 1 1 1 0 0
83 63.2 1.5 0 0 0 1 1 1 0 0
83 65.4 1.5 0 0 0 1 1 1 0 0
83 67.6 1.5 0 0 0 1 1 1 0 0
83 69.8 1.5 0 0 0 1 1 1 0 0
83 72 1.5 0 0 0 1 1 1 0 0
83 74.2 1.5 0 0 0 1 1 1 0 0
83 76.4 1.5 0 0 0 1 1 1 0 0
83 78.6 1.5 0 0 0 1 1 1 0 0
83 80.8 1.5 0 0 0 1 1 1 0 0
83 83 1.5 0 0 0 1 1 1 0 0
83 85.2 1.5 0 0 0 1 1 1 0 0
83 87.4 1.5 0 0 0 1 1 1 0 0
83 89.6 1.5 0 0 0 1 1 1 0 0
83 91.8 1.5 0 0 0 1 1 1 0 0
83 94 1.5 0 0 0 1 1 1 0 0
83 96.2 1.5 0 0 0 1 1 1 0 0
83 98.4 1.5 0 0 0 1 1 1 0 0
83 100.6 1.5 0 0 0 1 1 1 0 0
83 102.8 1.5 0 0 0 1 1 1 0 0
83 105 1.5 0 0 0 1 1 1 0 0
83 107.2 1.5 0 0 0 1 1 1 0 0
83 109.4 1.5 0 0 0 1 1 1 0 0
83 111.6 1.5 0 0 0 1 1 1 0 0
83 113.8 1.5 0 0 0 1 1 1 0 0
83 116 1.5 0 0 0 1 1 1 0 0
83 118.2 1.5 0 0 0 1 1 1 0 0
83 120.4 1.5 0 0 0 1 1 1 0 0
83 122.6 1.5 0 0 0 1 1 1 0 0
83 124.8 1.5 0 0 0 1 1 1 0 0
83 127 1.5 0 0 0 1 1 1 0 0
83 129.2 1.5 0 0 0 1 1 1 0 0
83 131.4 1.5 0 0 0 1 1 1 0 0
83 133.6 1.5 0 0 0 1 1 1 0 0
83 135.8 1.5 0 0 0 1 1 1 0 0
83 138 1.5 0 0 0 1 1 1 0 0
83 140.2 1.5 0 0 0 1 1 1 0 0
83 142.4 1.5 0 0 0 1 1 1 0 0
83 144.6 1.5 0 0 0 1 1 1 0 0
83 146.8 1.5 0 0 0 1 1 1 0 0
83 149 1.5 0 0 0 1 1 1 0 0
83 151.2 1.5 0 0 0 1 1 1 0 0
83 153.4 1.5 0 0 0 1 1 1 0 0
83 155.6 1.5 0 0 0 1 1 1 0 0
83 157.8 1.5 0 0 0 1 1 1 0 0
85.2 50 1.5 0 0 0 1 1 1 0 0
85.2 52.2 1.5 0 0 0 1 1 1 0 0
85.2 54.4 1.5 0 0 0 1 1 1 0 0
85.2 56.6 1.5 0 0 0 1 1 1 0 0
85.2 58.8 1.5 0 0 0 1 1 1 0 0
85.2 61 1.5 0 0 0 1 1 1 0 0
85.2 63.2 1.5 0 0 0 1 1 1 0 0
85.2 65.4 1.5 0 0 0 1 1 1 0 0
85.2 67.6 1.5 0 0 0 1 1 1 0 0
85.2 69.8 1.5 0 0 0 1 1 1 0 0
85.2 72 1.5 0 0 0 1 1 1 0 0
85.2 74.2 1.5 0 0 0 1 1 1 0 0
85.2 76.4 1.5 0 0 0 1 1 1 0 0
85.2 78.6 1.5 0 0 0 1 1 1 0 0
85.2 80.8 1.5 0 0 0 1 1 1 0 0
85.2 83 1.5 0 0 0 1 1 1 0 0
85.2 85.2 1.5 0 0 0 1 1 1 0 0
85.2 87.4 1.5 0 0 0 1 1 1 0 0
85.2 89.6 1.5 0 0 0 1 1 1 0 0
85.2 91.8 1.5 0 0 0 1 1 1 0 0
85.2 94 1.5 0 0 0 1 1 1 0 0
85.2 96.2 1.5 0 0 0 1 1 1 0 0
85.2 98.4 1.5 0 0 0 1 1 1 0 0
85.2 100.6 1.5 0 0 0 1 1 1 0 0
85.2 102.8 1.5 0 0 0 1 1 1 0 0
85.2 105 1.5 0 0 0 1 1 1 0 0
85.2 107.2 1.5 0 0 0 1 1 1 0 0
85.2 109.4 1.5 0 0 0 1 1 1 0 0
85.2 111.6 1.5 0 0 0 1 1 1 0 0
85.2 113.8 1.5 0 0 0 1 1 1 0 0
85.2 116 1.5 0 0 0 1 1 1 0 0
85.2 118.2 1.5 0 0 0 1 1 1 0 0
85.2 120.4 1.5 0 0 0 1 1 1 0 0
85.2 122.6 1.5 0 0 0 1 1 1 0 0
85.2 124.8 1.5 0 0 0 1 1 1 0 0
85.2 127 1.5 0 0 0 1 1 1 0 0
85.2 129.2 1.5 0 0 0 1 1 1 0 0
85.2 131.4 1.5 0 0 0 1 1 1 0 0
85.2 133.6 1.5 0 0 0 1 1 1 0 0
85.2 135.8 1.5 0 0 0 1 1 1 0 0
85.2 138 1.5 0 0 0 1 1 1 0 0
85.2 140.2 1.5 0 0 0 1 1 1 0 0
85.2 142.4 1.5 0 0 0 1 1 1 0 0
85.2 144.6 1.5 0 0 0 1 1 1 0 0
85.2 146.8 1.5 0 0 0 1 1 1 0 0
85.2 149 1.5 0 0 0 1 1 1 0 0
85.2 151.2 1.5 0 0 0 1 1 1 0 0
85.2 153.4 1.5 0 0 0 1 1 1 0 0
85.2 155.6 1.5 0 0 0 1 1 1 0 0
85.2 157.8 1.5 0 0 0 1 1 1 0 0
87.4 50 1.5 0 0 0 1 1 1 0 0
87.4 52.2 1.5 0 0 0 1 1 1 0 0
87.4 54.4 1.5 0 0 0 1 1 1 0 0
87.4 56.6 1.5 0 0 0 1 1 1 0 0
87.4 58.8 1.5 0 0 0 1 1 1 0 0
87.4 61 1.5 0 0 0 1 1 1 0 0
87.4 63.2 1.5 0 0 0 1 1 1 0 0
87.4 65.4 1.5 0 0 0 1 1 1 0 0
87.4 67.6 1.5 0 0 0 1 1 1 0 0
87.4 69.8 1.5 0 0 0 1 1 1 0 0
87.4 72 1.5 0 0 0 1 1 1 0 0
87.4 74.2 1.5 0 0 0 1 1 1 0 0
87.4 76.4 1.5 0 0 0 1 1 1 0 0
87.4 78.6 1.5 0 0 0 1 1 1 0 0
87.4 80.8 1.5 0 0 0 1 1 1 0 0
87.4 83 1.5 0 0 0 1 1 1 0 0
87.4 85.2 1.5 0 0 0 1 1 1 0 0
87.4 87.4 1.5 0 0 0 1 1 1 0 0
87.4 89.6 1.5 0 0 0 1 1 1 0 0
87.4 91.8 1.5 0 0 0 1 1 1 0 0
87.4 94 1.5 0 0 0 1 1 1 0 0
87.4 96.2 1.5 0 0 0 1 1 1 0 0
87.4 98.4 1.5 0 0 0 1 1 1 0 0
87.4 100.6 1.5 0 0 0 1 1 1 0 0
87.4 102.8 1.5 0 0 0 1 1 1 0 0
87.4 105 1.5 0 0 0 1 1 1 0 0
87.4 107.2 1.5 0 0 0 1 1 1 0 0
87.4 109.4 1.5 0 0 0 1 1 1 0 0
87.4 111.6 1.5 0 0 0 1 1 1 0 0
87.4 113.8 1.5 0 0 0 1 1 1 0 0
87.4 116 1.5 0 0 0 1 1 1 0 0
87.4 118.2 1.5 0 0 0 1 1 1 0 0
87.4 120.4 1.5 0 0 0 1 1 1 0 0
87.4 122.6 1.5 0 0 0 1 1 1 0 0
87.4 124.8 1.5 0 0 0 1 1 1 0 0
87.4 127 1.5 0 0 0 1 1 1 0 0
87.4 129.2 1.5 0 0 0 1 1 1 0 0
87.4 131.4 1.5 0 0 0 1 1 1 0 0
87.4 133.6 1.5 0 0 0 1 1 1 0 0
87.4 135.8 1.5 0 0 0 1 1 1 0 0
87.4 138 1.5 0 0 0 1 1 1 0 0
87.4 140.2 1.5 0 0 0 1 1 1 0 0
87.4 142.4 1.5 0 0 0 1 1 1 0 0
87.4 144.6 1.5 0 0 0 1 1 1 0 0
87.4 146.8 1.5 0 0 0 1 1 1 0 0
87.4 149 1.5 0 0 0 1 1 1 0 0
87.4 151.2 1.5 0 0 0 1 1 1 0 0
87.4 153.4 1.5 0 0 0 1 1 1 0 0
87.4 155.6 1.5 0 0 0 1 1 1 0 0
87.4 157.8 1.5 0 0 0 1 1 1 0 0
89.6 50 1.5 0 0 0 1 1 1 0 0
89.6 52.2 1.5 0 0 0 1 1 1 0 0
89.6 54.4 1.5 0 0 0 1 1 1 0 0
89.6 56.6 1.5 0 0 0 1 1 1 0 0
89.6 58.8 1.5 0 0 0 1 1 1 0 0
89.6 61 1.5 0 0 0 1 1 1 0 0
89.6 63.2 1.5 0 0 0 1 1 1 0 0
89.6 65.4 1.5 0 0 0 1 1 1 0 0
89.6 67.6 1.5 0 0 0 1 1 1 0 0
89.6 69.8 1.5 0 0 0 1 1 1 0 0
89.6 72 1.5 0 0 0 1 1 1 0 0
89.6 74.2 1.5 0 0 0 1 1 1 0 0
89.6 76.4 1.5 0 0 0 1 1 1 0 0
89.6 78.6 1.5 0 0 0 1 1 1 0 0
89.6 80.8 1.5 0 0 0 1 1 1 0 0
89.6 83 1.5 0 0 0 1 1 1 0 0
89.6 85.2 1.5 0 0 0 1 1 1 0 0
89.6 87.4 1.5 0 0 0 1 1 1 0 0
89.6 89.6 1.5 0 0 0 1 1 1 0 0
89.6 91.8 1.5 0 0 0 1 1 1 0 0
89.6 94 1.5 0 0 0 1 1 1 0 0
89.6 96.2 1.5 0 0 0 1 1 1 0 0
89.6 98.4 1.5 0 0 0 1 1 1 0 0
89.6 100.6 1.5 0 0 0 1 1 1 0 0
89.6 102.8 1.5 0 0 0 1 1 1 0 0
89.6 105 1.5 0 0 0 1 1 1 0 0
89.6 107.2 1.5 0 0 0 1 1 1 0 0
89.6 109.4 1.5 0 0 0 1 1 1 0 0
89.6 111.6 1.5 0 0 0 1 1 1 0 0
89.6 113.8 1.5 0 0 0 1 1 1 0 0
89.6 116 1.5 0 0 0 1 1 1 0 0
89.6 118.2 1.5 0 0 0 1 1 1 0 0
89.6 120.4 1.5 0 0 0 1 1 1 0 0
89.6 122.6 1.5 0 0 0 1 1 1 0 0
89.6 124.8 1.5 0 0 0 1 1 1 0 0
89.6 127 1.5 0 0 0 1 1 1 0 0
89.6 129.2 1.5 0 0 0 1 1 1 0 0
89.6 131.4 1.5 0 0 0 1 1 1 0 0
89.6 133.6 1.5 0 0 0 1 1 1 0 0
89.6 135.8 1.5 0 0 0 1 1 1 0 0
89.6 138 1.5 0 0 0 1 1 1 0 0
89.6 140.2 1.5 0 0 0 1 1 1 0 0
89.6 142.4 1.5 0 0 0 1 1 1 0 0
89.6 144.6 1.5 0 0 0 1 1 1 0 0
89.6 146.8 1.5 0 0 0 1 1 1 0 0
89.6 149 1.5 0 0 0 1 1 1 0 0
89.6 151.2 1.5 0 0 0 1 1 1 0 0
89.6 153.4 1.5 0 0 0 1 1 1 0 0
89.6 155.6 1.5 0 0 0 1 1 1 0 0
89.6 157.8 1.5 0 0 0 1 1 1 0 0
91.8 50 1.5 0 0 0 1 1 1 0 0
91.8 52.2 1.5 0 0 0 1 1 1 0 0
91.8 54.4 1.5 0 0 0 1 1 1 0 0
91.8 56.6 1.5 0 0 0 1 1 1 0 0
91.8 58.8 1.5 0 0 0 1 1 1 0 0
91.8 61 1.5 0 0 0 1 1 1 0 0
91.8 63.2 1.5 0 0 0 1 1 1 0 0
91.8 65.4 1.5 0 0 0 1 1 1 0 0
91.8 67.6 1.5 0 0 0 1 1 1 0 0
91.8 69.8 1.5 0 0 0 1 1 1 0 0
91.8 72 1.5 0 0 0 1 1 1 0 0
91.8 74.2 1.5 0 0 0 1 1 1 0 0
91.8 76.4 1.5 0 0 0 1 1 1 0 0
91.8 78.6 1.5 0 0 0 1 1 1 0 0
91.8 80.8 1.5 0 0 0 1 1 1 0 0
91.8 83 1.5 0 0 0 1 1 1 0 0
91.8 85.2 1.5 0 0 0 1 1 1 0 0
91.8 87.4 1.5 0 0 0 1 1 1 0 0
91.8 89.6 1.5 0 0 0 1 1 1 0 0
91.8 91.8 1.5 0 0 0 1 1 1 0 0
91.8 94 1.5 0 0 0 1 1 1 0 0
91.8 96.2 1.5 0 0 0 1 1 1 0 0
91.8 98.4 1.5 0 0 0 1 1 1 0 0
91.8 100.6 1.5 0 0 0 1 1 1 0 0
91.8 102.8 1.5 0 0 0 1 1 1 0 0
91.8 105 1.5 0 0 0 1 1 1 0 0
91.8 107.2 1.5 0 0 0 1 1 1 0 0
91.8 109.4 1.5 0 0 0 1 1 1 0 0
91.8 111.6 1.5 0 0 0 1 1 1 0 0
91.8 113.8 1.5 0 0 0 1 1 1 0 0
91.8 116 1.5 0 0 0 1 1 1 0 0
91.8 118.2 1.5 0 0 0 1 1 1 0 0
91.8 120.4 1.5 0 0 0 1 1 1 0 0
91.8 122.6 1.5 0 0 0 1 1 1 0 0
91.8 124.8 1.5 0 0 0 1 1 1 0 0
91.8 127 1.5 0 0 0 1 1 1 0 0
91.8 129.2 1.5 0 0 0 1 1 1 0 0
91.8 131.4 1.5 0 0 0 1 1 1 0 0
91.8 133.6 1.5 0 0 0 1 1 1 0 0
91.8 135.8 1.5 0 0 0 1 1 1 0 0
91.8 138 1.5 0 0 0 1 1 1 0 0
91.8 140.2 1.5 0 0 0 1 1 1 0 0
91.8 142.4 1.5 0 0 0 1 1 1 0 0
91.8 144.6 1.5 0 0 0 1 1 1 0 0
91.8 146.8 1.5 0 0 0 1 1 1 0 0
91.8 149 1.5 0 0 0 1 1 1 0 0
91.8 151.2 1.5 0 0 0 1 1 1 0 0
91.8 153.4 1.5 0 0 0 1 1 1 0 0
91.8 155.6 1.5 0 0 0 1 1 1 0 0
91.8 157.8 1.5 0 0 0 1 1 1 0 0
94 50 1.5 0 0 0 1 1 1 0 0
94 52.2 1.5 0 0 0 1 1 1 0 0
94 54.4 1.5 0 0 0 1 1 1 0 0
94 56.6 1.5 0 0 0 1 1 1 0 0
94 58.8 1.5 0 0 0 1 1 1 0 0
94 61 1.5 0 0 0 1 1 1 0 0
94 63.2 1.5 0 0 0 1 1 1 0 0
94 65.4 1.5 0 0 0 1 1 1 0 0
94 67.6 1.5 0 0 0 1 1 1 0 0
94 69.8 1.5 0 0 0 1 1 1 0 0
94 72 1.5 0 0 0 1 1 1 0 0
94 74.2 1.5 0 0 0 1 1 1 0 0
94 76.4 1.5 0 0 0 1 1 1 0 0
94 78.6 1.5 0 0 0 1 1 1 0 0
94 80.8 1.5 0 0 0 1 1 1 0 0
94 83 1.5 0 0 0 1 1 1 0 0
94 85.2 1.5 0 0 0 1 1 1 0 0
94 87.4 1.5 0 0 0 1 1 1 0 0
94 89.6 1.5 0 0 0 1 1 1 0 0
94 91.8 1.5 0 0 0 1 1 1 0 0
94 94 1.5 0 0 0 1 1 1 0 0
94 96.2 1.5 0 0 0 1 1 1 0 0
94 98.4 1.5 0 0 0 1 1 1 0 0
94 100.6 1.5 0 0 0 1 1 1 0 0
94 102.8 1.5 0 0 0 1 1 1 0 0
94 105 1.5 0 0 0 1 1 1 0 0
94 107.2 1.5 0 0 0 1 1 1 0 0
94 109.4 1.5 0 0 0 1 1 1 0 0
94 111.6 1.5 0 0 0 1 1 1 0 0
94 113.8 1.5 0 0 0 1 1 1 0 0
94 116 1.5 0 0 0 1 1 1 0 0
94 118.2 1.5 0 0 0 1 1 1 0 0
94 120.4 1.5 0 0 0 1 1 1 0 0
94 122.6 1.5 0 0 0 1 1 1 0 0
94 124.8 1.5 0 0 0 1 1 1 0 0
94 127 1.5 0 0 0 1 1 1 0 0
94 129.2 1.5 0 0 0 1 1 1 0 0
94 131.4 1.5 0 0 0 1 1 1 0 0
94 133.6 1.5 0 0 0 1 1 1 0 0
94 135.8 1.5 0 0 0 1 1 1 0 0
94 138 1.5 0 0 0 1 1 1 0 0
94 140.2 1.5 0 0 0 1 1 1 0 0
94 142.4 1.5 0 0 0 1 1 1 0 0
94 144.6 1.5 0 0 0 1 1 1 0 0
94 146.8 1.5 0 0 0 1 1 1 0 0
94 149 1.5 0 0 0 1 1 1 0 0
94 151.2 1.5 0 0 0 1 1 1 0 0
94 153.4 1.5 0 0 0 1 1 1 0 0
94 155.6 1.5 0 0 0 1 1 1 0 0
94 157.8 1.5 0 0 0 1 1 1 0 0
96.2 50 1.5 0 0 0 1 1 1 0 0
96.2 52.2 1.5 0 0 0 1 1 1 0 0
96.2 54.4 1.5 0 0 0 1 1 1 0 0
96.2 56.6 1.5 0 0 0 1 1 1 0 0
96.2 58.8 1.5 0 0 0 1 1 1 0 0
96.2 61 1.5 0 0 0 1 1 1 0 0
96.2 63.2 1.5 0 0 0 1 1 1 0 0
96.2 65.4 1.5 0 0 0 1 1 1 0 0
96.2 67.6 1.5 0 0 0 1 1 1 0 0
96.2 69.8 1.5 0 0 0 1 1 1 0 0
96.2 72 1.5 0 0 0 1 1 1 0 0
96.2 74.2 1.5 0 0 0 1 1 1 0 0
96.2 76.4 1.5 0 0 0 1 1 1 0 0
96.2 78.6 1.5 0 0 0 1 1 1 0 0
96.2 80.8 1.5 0 0 0 1 1 1 0 0
96.2 83 1.5 0 0 0 1 1 1 0 0
96.2 85.2 1.5 0 0 0 1 1 1 0 0
96.2 87.4 1.5 0 0 0 1 1 1 0 0
96.2 89.6 1.5 0 0 0 1 1 1 0 0
96.2 91.8 1.5 0 0 0 1 1 1 0 0
96.2 94 1.5 0 0 0 1 1 1 0 0
96.2 96.2 1.5 0 0 0 1 1 1 0 0
96.2 98.4 1.5 0 0 0 1 1 1 0 0
96.2 100.6 1.5 0 0 0 1 1 1 0 0
96.2 102.8 1.5 0 0 0 1 1 1 0 0
96.2 105 1.5 0 0 0 1 1 1 0 0
96.2 107.2 1.5 0 0 0 1 1 1 0 0
96.2 109.4 1.5 0 0 0 1 1 1 0 0
96.2 111.6 1.5 0 0 0 1 1 1 0 0
96.2 113.8 1.5 0 0 0 1 1 1 0 0
96.2 116 1.5 0 0 0 1 1 1 0 0
96.2 118.2 1.5 0 0 0 1 1 1 0 0
96.2 120.4 1.5 0 0 0 1 1 1 0 0
96.2 122.6 1.5 0 0 0 1 1 1 0 0
96.2 124.8 1.5 0 0 0 1 1 1 0 0
96.2 127 1.5 0 0 0 1 1 1 0 0
96.2 129.2 1.5 0 0 0 1 1 1 0 0
96.2 131.4 1.5 0 0 0 1 1 1 0 0
96.2 133.6 1.5 0 0 0 1 1 1 0 0
96.2 135.8 1.5 0 0 0 1 1 1 0 0
96.2 138 1.5 0 0 0 1 1 1 0 0
96.2 140.2 1.5 0 0 0 1 1 1 0 0
96.2 142.4 1.5 0 0 0 1 1 1 0 0
96.2 144.6 1.5 0 0 0 1 1 1 0 0
96.2 146.8 1.5 0 0 0 1 1 1 0 0
96.2 149 1.5 0 0 0 1 1 1 0 0
96.2 151.2 1.5 0 0 0 1 1 1 0 0
96.2 153.4 1.5 0 0 0 1 1 1 0 0
96.2 155.6 1.5 0 0 0 1 1 1 0 0
96.2 157.8 1.5 0 0 0 1 1 1 0 0
98.4 50 1.5 0 0 0 1 1 1 0 0
98.4 52.2 1.5 0 0 0 1 1 1 0 0
98.4 54.4 1.5 0 0 0 1 1 1 0 0
98.4 56.6 1.5 0 0 0 1 1 1 0 0
98.4 58.8 1.5 0 0 0 1 1 1 0 0
98.4 61 1.5 0 0 0 1 1 1 0 0
98.4 63.2 1.5 0 0 0 1 1 1 0 0
98.4 65.4 1.5 0 0 0 1 1 1 0 0
98.4 67.6 1.5 0 0 0 1 1 1 0 0
98.4 69.8 1.5 0 0 0 1 1 1 0 0
98.4 72 1.5 0 0 0 1 1 1 0 0
98.4 74.2 1.5 0 0 0 1 1 1 0 0
98.4 76.4 1.5 0 0 0 1 1 1 0 0
98.4 78.6 1.5 0 0 0 1 1 1 0 0
98.4 80.8 1.5 0 0 0 1 1 1 0 0
98.4 83 1.5 0 0 0 1 1 1 0 0
98.4 85.2 1.5 0 0 0 1 1 1 0 0
98.4 87.4 1.5 0 0 0 1 1 1 0 0
98.4 89.6 1.5 0 0 0 1 1 1 0 0
98.4 91.8 1.5 0 0 0 1 1 1 0 0
98.4 94 1.5 0 0 0 1 1 1 0 0
98.4 96.2 1.5 0 0 0 1 1 1 0 0
98.4 98.4 1.5 0 0 0 1 1 1 0 0
98.4 100.6 1.5 0 0 0 1 1 1 0 0
98.4 102.8 1.5 0 0 0 1 1 1 0 0
98.4 105 1.5 0 0 0 1 1 1 0 0
98.4 107.2 1.5 0 0 0 1 1 1 0 0
98.4 109.4 1.5 0 0 0 1 1 1 0 0
98.4 111.6 1.5 0 0 0 1 1 1 0 0
98.4 113.8 1.5 0 0 0 1 1 1 0 0
98.4 116 1.5 0 0 0 1 1 1 0 0
98.4 118.2 1.5 0 0 0 1 1 1 0 0
98.4 120.4 1.5 0 0 0 1 1 1 0 0
98.4 122.6 1.5 0 0 0 1 1 1 0 0
98.4 124.8 1.5 0 0 0 1 1 1 0 0
98.4 127 1.5 0 0 0 1 1 1 0 0
98.4 129.2 1.5 0 0 0 1 1 1 0 0
98.4 131.4 1.5 0 0 0 1 1 1 0 0
98.4 133.6 1.5 0 0 0 1 1 1 0 0
98.4 135.8 1.5 0 0 0 1 1 1 0 0
98.4 138 1.5 0 0 0 1 1 1 0 0
98.4 140.2 1.5 0 0 0 1 1 1 0 0
98.4 142.4 1.5 0 0 0 1 1 1 0 0
98.4 144.6 1.5 0 0 0 1 1 1 0 0
98.4 146.8 1.5 0 0 0 1 1 1 0 0
98.4 149 1.5 0 0 0 1 1 1 0 0
98.4 151.2 1.5 0 0 0 1 1 1 0 0
98.4 153.4 1.5 0 0 0 1 1 1 0 0
98.4 155.6 1.5 0 0 0 1 1 1 0 0
98.4 157.8 1.5 0 0 0 1 1 1 0 0
100.6 50 1.5 0 0 0 1 1 1 0 0
100.6 52.2 1.5 0 0 0 1 1 1 0 0
100.6 54.4 1.5 0 0 0 1 1 1 0 0
100.6 56.6 1.5 0 0 0 1 1 1 0 0
100.6 58.8 1.5 0 0 0 1 1 1 0 0
100.6 61 1.5 0 0 0 1 1 1 0 0
100.6 63.2 1.5 0 0 0 1 1 1 0 0
100.6 65.4 1.5 0 0 0 1 1 1 0 0
100.6 67.6 1.5 0 0 0 1 1 1 0 0
100.6 69.8 1.5 0 0 0 1 1 1 0 0
100.6 72 1.5 0 0 0 1 1 1 0 0
100.6 74.2 1.5 0 0 0 1 1 1 0 0
100.6 76.4 1.5 0 0 0 1 1 1 0 0
100.6 78.6 1.5 0 0 0 1 1 1 0 0
100.6 80.8 1.5 0 0 0 1 1 1 0 0
100.6 83 1.5 0 0 0 1 1 1 0 0
100.6 85.2 1.5 0 0 0 1 1 1 0 0
100.6 87.4 1.5 0 0 0 1 1 1 0 0
100.6 89.6 1.5 0 0 0 1 1 1 0 0
100.6 91.8 1.5 0 0 0 1 1 1 0 0
100.6 94 1.5 0 0 0 1 1 1 0 0
100.6 96.2 1.5 0 0 0 1 1 1 0 0
100.6 98.4 1.5 0 0 0 1 1 1 0 0
100.6 100.6 1.5 0 0 0 1 1 1 0 0
100.6 102.8 1.5 0 0 0 1 1 1 0 0
100.6 105 1.5 0 0 0 1 1 1 0 0
100.6 107.2 1.5 0 0 0 1 1 1 0 0
100.6 109.4 1.5 0 0 0 1 1 1 0 0
100.6 111.6 1.5 0 0 0 1 1 1 0 0
100.6 113.8 1.5 0 0 0 1 1 1 0 0
100.6 116 1.5 0 0 0 1 1 1 0 0
100.6 118.2 1.5 0 0 0 1 1 1 0 0
100.6 120.4 1.5 0 0 0 1 1 1 0 0
100.6 122.6 1.5 0 0 0 1 1 1 0 0
100.6 124.8 1.5 0 0 0 1 1 1 0 0
100.6 127 1.5 0 0 0 1 1 1 0 0
100.6 129.2 1.5 0 0 0 1 1 1 0 0
100.6 131.4 1.5 0 0 0 1 1 1 0 0
100.6 133.6 1.5 0 0 0 1 1 1 0 0
100.6 135.8 1.5 0 0 0 1 1 1 0 0
100.6 138 1.5 0 0 0 1 1 1 0 0
100.6 140.2 1.5 0 0 0 1 1 1 0 0
100.6 142.4 1.5 0 0 0 1 1 1 0 0
100.6 144.6 1.5 0 0 0 1 1 1 0 0
100.6 146.8 1.5 0 0 0 1 1 1 0 0
100.6 149 1.5 0 0 0 1 1 1 0 0
100.6 151.2 1.5 0 0 0 1 1 1 0 0
100.6 153.4 1.5 0 0 0 1 1 1 0 0
100.6 155.6 1.5 0 0 0 1 1 1 0 0
100.6 157.8 1.5 0 0 0 1 1 1 0 0
102.8 50 1.5 0 0 0 1 1 1 0 0
102.8 52.2 1.5 0 0 0 1 1 1 0 0
102.8 54.4 1.5 0 0 0 1 1 1 0 0
102.8 56.6 1.5 0 0 0 1 1 1 0 0
102.8 58.8 1.5 0 0 0 1 1 1 0 0
102.8 61 1.5 0 0 0 1 1 1 0 0
102.8 63.2 1.5 0 0 0 1 1 1 0 0
102.8 65.4 1.5 0 0 0 1 1 1 0 0
102.8 67.6 1.5 0 0 0 1 1 1 0 0
102.8 69.8 1.5 0 0 0 1 1 1 0 0
102.8 72 1.5 0 0 0 1 1 1 0 0
102.8 74.2 1.5 0 0 0 1 1 1 0 0
102.8 76.4 1.5 0 0 0 1 1 1 0 0
102.8 78.6 1.5 0 0 0 1 1 1 0 0
102.8 80.8 1.5 0 0 0 1 1 1 0 0
102.8 83 1.5 0 0 0 1 1 1 0 0
102.8 85.2 1.5 0 0 0 1 1 1 0 0
102.8 87.4 1.5 0 0 0 1 1 1 0 0
102.8 89.6 1.5 0 0 0 1 1 1 0 0
102.8 91.8 1.5 0 0 0 1 1 1 0 0
102.8 94 1.5 0 0 0 1 1 1 0 0
102.8 96.2 1.5 0 0 0 1 1 1 0 0
102.8 98.4 1.5 0 0 0 1 1 1 0 0
102.8 100.6 1.5 0 0 0 1 1 1 0 0
102.8 102.8 1.5 0 0 0 1 1 1 0 0
102.8 105 1.5 0 0 0 1 1 1 0 0
102.8 107.2 1.5 0 0 0 1 1 1 0 0
102.8 109.4 1.5 0 0 0 1 1 1 0 0
102.8 111.6 1.5 0 0 0 1 1 1 0 0
102.8 113.8 1.5 0 0 0 1 1 1 0 0
102.8 116 1.5 0 0 0 1 1 1 0 0
102.8 118.2 1.5 0 0 0 1 1 1 0 0
102.8 120.4 1.5 0 0 0 1 1 1 0 0
102.8 122.6 1.5 0 0 0 1 1 1 0 0
102.8 124.8 1.5 0 0 0 1 1 1 0 0
102.8 127 1.5 0 0 0 1 1 1 0 0
102.8 129.2 1.5 0 0 0 1 1 1 0 0
102.8 131.4 1.5 0 0 0 1 1 1 0 0
102.8 133.6 1.5 0 0 0 1 1 1 0 0
102.8 135.8 1.5 0 0 0 1 1 1 0 0
102.8 138 1.5 0 0 0 1 1 1 0 0
102.8 140.2 1.5 0 0 0 1 1 1 0 0
102.8 142.4 1.5 0 0 0 1 1 1 0 0
102.8 144.6 1.5 0 0 0 1 1 1 0 0
102.8 146.8 1.5 0 0 0 1 1 1 0 0
102.8 149 1.5 0 0 0 1 1 1 0 0
102.8 151.2 1.5 0 0 0 1 1 1 0 0
102.8 153.4 1.5 0 0 0 1 1 1 0 0
102.8 155.6 1.5 0 0 0 1 1 1 0 0
102.8 157.8 1.5 0 0 0 1 1 1 0 0
105 50 1.5 0 0 0 1 1 1 0 0
105 52.2 1.5 0 0 0 1 1 1 0 0
105 54.4 1.5 0 0 0 1 1 1 0 0
105 56.6 1.5 0 0 0 1 1 1 0 0
105 58.8 1.5 0 0 0 1 1 1 0 0
105 61 1.5 0 0 0 1 1 1 0 0
105 63.2 1.5 0 0 0 1 1 1 0 0
105 65.4 1.5 0 0 0 1 1 1 0 0
105 67.6 1.5 0 0 0 1 1 1 0 0
105 69.8 1.5 0 0 0 1 1 1 0 0
105 72 1.5 0 0 0 1 1 1 0 0
105 74.2 1.5 0 0 0 1 1 1 0 0
105 76.4 1.5 0 0 0 1 1 1 0 0
105 78.6 1.5 0 0 0 1 1 1 0 0
105 80.8 1.5 0 0 0 1 1 1 0 0
105 83 1.5 0 0 0 1 1 1 0 0
105 85.2 1.5 0 0 0 1 1 1 0 0
105 87.4 1.5 0 0 0 1 1 1 0 0
105 89.6 1.5 0 0 0 1 1 1 0 0
105 91.8 1.5 0 0 0 1 1 1 0 0
105 94 1.5 0 0 0 1 1 1 0 0
105 96.2 1.5 0 0 0 1 1 1 0 0
105 98.4 1.5 0 0 0 1 1 1 0 0
105 100.6 1.5 0 0 0 1 1 1 0 0
105 102.8 1.5 0 0 0 1 1 1 0 0
105 105 1.5 0 0 0 1 1 1 0 0
105 107.2 1.5 0 0 0 1 1 1 0 0
105 109.4 1.5 0 0 0 1 1 1 0 0
105 111.6 1.5 0 0 0 1 1 1 0 0
105 113.8 1.5 0 0 0 1 1 1 0 0
105 116 1.5 0 0 0 1 1 1 0 0
105 118.2 1.5 0 0 0 1 1 1 0 0
105 120.4 1.5 0 0 0 1 1 1 0 0
105 122.6 1.5 0 0 0 1 1 1 0 0
105 124.8 1.5 0 0 0 1 1 1 0 0
105 127 1.5 0 0 0 1 1 1 0 0
105 129.2 1.5 0 0 0 1 1 1 0 0
105 131.4 1.5 0 0 0 1 1 1 0 0
105 133.6 1.5 0 0 0 1 1 1 0 0
105 135.8 1.5 0 0 0 1 1 1 0 0
105 138 1.5 0 0 0 1 1 1 0 0
105 140.2 1.5 0 0 0 1 1 1 0 0
105 142.4 1.5 0 0 0 1 1 1 0 0
105 144.6 1.5 0 0 0 1 1 1 0 0
105 146.8 1.5 0 0 0 1 1 1 0 0
105 149 1.5 0 0 0 1 1 1 0 0
105 151.2 1.5 0 0 0 1 1 1 0 0
105 153.4 1.5 0 0 0 1 1 1 0 0
105 155.6 1.5 0 0 0 1 1 1 0 0
105 157.8 1.5 0 0 0 1 1 1 0 0
107.2 50 1.5 0 0 0 1 1 1 0 0
107.2 52.2 1.5 0 0 0 1 1 1 0 0
107.2 54.4 1.5 0 0 0 1 1 1 0 0
107.2 56.6 1.5 0 0 0 1 1 1 0 0
107.2 58.8 1.5 0 0 0 1 1 1 0 0
107.2 61 1.5 0 0 0 1 1 1 0 0
107.2 63.2 1.5 0 0 0 1 1 1 0 0
107.2 65.4 1.5 0 0 0 1 1 1 0 0
107.2 67.6 1.5 0 0 0 1 1 1 0 0
107.2 69.8 1.5 0 0 0 1 1 1 0 0
107.2 72 1.5 0 0 0 1 1 1 0 0
107.2 74.2 1.5 0 0 0 1 1 1 0 0
107.2 76.4 1.5 0 0 0 1 1 1 0 0
107.2 78.6 1.5 0 0 0 1 1 1 0 0
107.2 80.8 1.5 0 0 0 1 1 1 0 0
107.2 83 1.5 0 0 0 1 1 1 0 0
107.2 85.2 1.5 0 0 0 1 1 1 0 0
107.2 87.4 1.5 0 0 0 1 1 1 0 0
107.2 89.6 1.5 0 0 0 1 1 1 0 0
107.2 91.8 1.5 0 0 0 1 1 1 0 0
107.2 94 1.5 0 0 0 1 1 1 0 0
107.2 96.2 1.5 0 0 0 1 1 1 0 0
107.2 98.4 1.5 0 0 0 1 1 1 0 0
107.2 100.6 1.5 0 0 0 1 1 1 0 0
107.2 102.8 1.5 0 0 0 1 1 1 0 0
107.2 105 1.5 0 0 0 1 1 1 0 0
107.2 107.2 1.5 0 0 0 1 1 1 0 0
107.2 109.4 1.5 0 0 0 1 1 1 0 0
107.2 111.6 1.5 0 0 0 1 1 1 0 0
107.2 113.8 1.5 0 0 0 1 1 1 0 0
107.2 116 1.5 0 0 0 1 1 1 0 0
107.2 118.2 1.5 0 0 0 1 1 1 0 0
107.2 120.4 1.5 0 0 0 1 1 1 0 0
107.2 122.6 1.5 0 0 0 1 1 1 0 0
107.2 124.8 1.5 0 0 0 1 1 1 0 0
107.2 127 1.5 0 0 0 1 1 1 0 0
107.2 129.2 1.5 0 0 0 1 1 1 0 0
107.2 131.4 1.5 0 0 0 1 1 1 0 0
107.2 133.6 1.5 0 0 0 1 1 1 0 0
107.2 135.8 1.5 0 0 0 1 1 1 0 0
107.2 138 1.5 0 0 0 1 1 1 0 0
107.2 140.2 1.5 0 0 0 1 1 1 0 0
107.2 142.4 1.5 0 0 0 1 1 1 0 0
107.2 144.6 1.5 0 0 0 1 1 1 0 0
107.2 146.8 1.5 0 0 0 1 1 1 0 0
107.2 149 1.5 0 0 0 1 1 1 0 0
107.2 151.2 1.5 0 0 0 1 1 1 0 0
107.2 153.4 1.5 0 0 0 1 1 1 0 0
107.2 155.6 1.5 0 0 0 1 1 1 0 0
107.2 157.8 1.5 0 0 0 1 1 1 0 0
109.4 50 1.5 0 0 0 1 1 1 0 0
109.4 52.2 1.5 0 0 0 1 1 1 0 0
109.4 54.4 1.5 0 0 0 1 1 1 0 0
109.4 56.6 1.5 0 0 0 1 1 1 0 0
109.4 58.8 1.5 0 0 0 1 1 1 0 0
109.4 61 1.5 0 0 0 1 1 1 0 0
109.4 63.2 1.5 0 0 0 1 1 1 0 0
109.4 65.4 1.5 0 0 0 1 1 1 0 0
109.4 67.6 1.5 0 0 0 1 1 1 0 0
109.4 69.8 1.5 0 0 0 1 1 1 0 0
109.4 72 1.5 0 0 0 1 1 1 0 0
109.4 74.2 1.5 0 0 0 1 1 1 0 0
109.4 76.4 1.5 0 0 0 1 1 1 0 0
109.4 78.6 1.5 0 0 0 1 1 1 0 0
109.4 80.8 1.5 0 0 0 1 1 1 0 0
109.4 83 1.5 0 0 0 1 1 1 0 0
109.4 85.2 1.5 0 0 0 1 1 1 0 0
109.4 87.4 1.5 0 0 0 1 1 1 0 0
109.4 89.6 1.5 0 0 0 1 1 1 0 0
109.4 91.8 1.5 0 0 0 1 1 1 0 0
109.4 94 1.5 0 0 0 1 1 1 0 0
109.4 96.2 1.5 0 0 0 1 1 1 0 0
109.4 98.4 1.5 0 0 0 1 1 1 0 0
109.4 100.6 1.5 0 0 0 1 1 1 0 0
109.4 102.8 1.5 0 0 0 1 1 1 0 0
109.4 105 1.5 0 0 0 1 1 1 0 0
109.4 107.2 1.5 0 0 0 1 1 1 0 0
109.4 109.4 1.5 0 0 0 1 1 1 0 0
109.4 111.6 1.5 0 0 0 1 1 1 0 0
109.4 113.8 1.5 0 0 0 1 1 1 0 0
109.4 116 1.5 0 0 0 1 1 1 0 0
109.4 118.2 1.5 0 0 0 1 1 1 0 0
109.4 120.4 1.5 0 0 0 1 1 1 0 0
109.4 122.6 1.5 0 0 0 1 1 1 0 0
109.4 124.8 1.5 0 0 0 1 1 1 0 0
109.4 127 1.5 0 0 0 1 1 1 0 0
109.4 129.2 1.5 0 0 0 1 1 1 0 0
109.4 131.4 1.5 0 0 0 1 1 1 0 0
109.4 133.6 1.5 0 0 0 1 1 1 0 0
109.4 135.8 1.5 0 0 0 1 1 1 0 0
109.4 138 1.5 0 0 0 1 1 1 0 0
109.4 140.2 1.5 0 0 0 1 1 1 0 0
109.4 142.4 1.5 0 0 0 1 1 1 0 0
109.4 144.6 1.5 0 0 0 1 1 1 0 0
109.4 146.8 1.5 0 0 0 1 1 1 0 0
109.4 149 1.5 0 0 0 1 1 1 0 0
109.4 151.2 1.5 0 0 0 1 1 1 0 0
109.4 153.4 1.5 0 0 0 1 1 1 0 0
109.4 155.6 1.5 0 0 0 1 1 1 0 0
109.4 157.8 1.5 0 0 0 1 1 1 0 0
111.6 50 1.5 0 0 0 1 1 1 0 0
111.6 52.2 1.5 0 0 0 1 1 1 0 0
111.6 54.4 1.5 0 0 0 1 1 1 0 0
111.6 56.6 1.5 0 0 0 1 1 1 0 0
111.6 58.8 1.5 0 0 0 1 1 1 0 0
111.6 61 1.5 0 0 0 1 1 1 0 0
111.6 63.2 1.5 0 0 0 1 1 1 0 0
111.6 65.4 1.5 0 0 0 1 1 1 0 0
111.6 67.6 1.5 0 0 0 1 1 1 0 0
111.6 69.8 1.5 0 0 0 1 1 1 0 0
111.6 72 1.5 0 0 0 1 1 1 0 0
111.6 74.2 1.5 0 0 0 1 1 1 0 0
111.6 76.4 1.5 0 0 0 1 1 1 0 0
111.6 78.6 1.5 0 0 0 1 1 1 0 0
111.6 80.8 1.5 0 0 0 1 1 1 0 0
111.6 83 1.5 0 0 0 1 1 1 0 0
111.6 85.2 1.5 0 0 0 1 1 1 0 0
111.6 87.4 1.5 0 0 0 1 1 1 0 0
111.6 89.6 1.5 0 0 0 1 1 1 0 0
111.6 91.8 1.5 0 0 0 1 1 1 0 0
111.6 94 1.5 0 0 0 1 1 1 0 0
111.6 96.2 1.5 0 0 0 1 1 1 0 0
111.6 98.4 1.5 0 0 0 1 1 1 0 0
111.6 100.6 1.5 0 0 0 1 1 1 0 0
111.6 102.8 1.5 0 0 0 1 1 1 0 0
111.6 105 1.5 0 0 0 1 1 1 0 0
111.6 107.2 1.5 0 0 0 1 1 1 0 0
111.6 109.4 1.5 0 0 0 1 1 1 0 0
111.6 111.6 1.5 0 0 0 1 1 1 0 0
111.6 113.8 1.5 0 0 0 1 1 1 0 0
111.6 116 1.5 0 0 0 1 1 1 0 0
111.6 118.2 1.5 0 0 0 1 1 1 0 0
111.6 120.4 1.5 0 0 0 1 1 1 0 0
111.6 122.6 1.5 0 0 0 1 1 1 0 0
111.6 124.8 1.5 0 0 0 1 1 1 0 0
111.6 127 1.5 0 0 0 1 1 1 0 0
111.6 129.2 1.5 0 0 0 1 1 1 0 0
111.6 131.4 1.5 0 0 0 1 1 1 0 0
111.6 133.6 1.5 0 0 0 1 1 1 0 0
111.6 135.8 1.5 0 0 0 1 1 1 0 0
111.6 138 1.5 0 0 0 1 1 1 0 0
111.6 140.2 1.5 0 0 0 1 1 1 0 0
111.6 142.4 1.5 0 0 0 1 1 1 0 0
111.6 144.6 1.5 0 0 0 1 1 1 0 0
111.6 146.8 1.5 0 0 0 1 1 1 0 0
111.6 149 1.5 0 0 0 1 1 1 0 0
111.6 151.2 1.5 0 0 0 1 1 1 0 0
111.6 153.4 1.5 0 0 0 1 1 1 0 0
111.6 155.6 1.5 0 0 0 1 1 1 0 0
111.6 157.8 1.5 0 0 0 1 1 1 0 0
113.8 50 1.5 0 0 0 1 1 1 0 0
113.8 52.2 1.5 0 0 0 1 1 1 0 0
113.8 54.4 1.5 0 0 0 1 1 1 0 0
113.8 56.6 1.5 0 0 0 1 1 1 0 0
113.8 58.8 1.5 0 0 0 1 1 1 0 0
113.8 61 1.5 0 0 0 1 1 1 0 0
113.8 63.2 1.5 0 0 0 1 1 1 0 0
113.8 65.4 1.5 0 0 0 1 1 1 0 0
113.8 67.6 1.5 0 0 0 1 1 1 0 0
113.8 69.8 1.5 0 0 0 1 1 1 0 0
113.8 72 1.5 0 0 0 1 1 1 0 0
113.8 74.2 1.5 0 0 0 1 1 1 0 0
113.8 76.4 1.5 0 0 0 1 1 1 0 0
113.8 78.6 1.5 0 0 0 1 1 1 0 0
113.8 80.8 1.5 0 0 0 1 1 1 0 0
113.8 83 1.5 0 0 0 1 1 1 0 0
113.8 85.2 1.5 0 0 0 1 1 1 0 0
113.8 87.4 1.5 0 0 0 1 1 1 0 0
113.8 89.6 1.5 0 0 0 1 1 1 0 0
113.8 91.8 1.5 0 0 0 1 1 1 0 0
113.8 94 1.5 0 0 0 1 1 1 0 0
113.8 96.2 1.5 0 0 0 1 1 1 0 0
113.8 98.4 1.5 0 0 0 1 1 1 0 0
113.8 100.6 1.5 0 0 0 1 1 1 0 0
113.8 102.8 1.5 0 0 0 1 1 1 0 0
113.8 105 1.5 0 0 0 1 1 1 0 0
113.8 107.2 1.5 0 0 0 1 1 1 0 0
113.8 109.4 1.5 0 0 0 1 1 1 0 0
113.8 111.6 1.5 0 0 0 1 1 1 0 0
113.8 113.8 1.5 0 0 0 1 1 1 0 0
113.8 116 1.5 0 0 0 1 1 1 0 0
113.8 118.2 1.5 0 0 0 1 1 1 0 0
113.8 120.4 1.5 0 0 0 1 1 1 0 0
113.8 122.6 1.5 0 0 0 1 1 1 0 0
113.8 124.8 1.5 0 0 0 1 1 1 0 0
113.8 127 1.5 0 0 0 1 1 1 0 0
113.8 129.2 1.5 0 0 0 1 1 1 0 0
113.8 131.4 1.5 0 0 0 1 1 1 0 0
113.8 133.6 1.5 0 0 0 1 1 1 0 0
113.8 135.8 1.5 0 0 0 1 1 1 0 0
113.8 138 1.5 0 0 0 1 1 1 0 0
113.8 140.2 1.5 0 0 0 1 1 1 0 0
113.8 142.4 1.5 0 0 0 1 1 1 0 0
113.8 144.6 1.5 0 0 0 1 1 1 0 0
113.8 146.8 1.5 0 0 0 1 1 1 0 0
113.8 149 1.5 0 0 0 1 1 1 0 0
113.8 151.2 1.5 0 0 0 1 1 1 0 0
113.8 153.4 1.5 0 0 0 1 1 1 0 0
113.8 155.6 1.5 0 0 0 1 1 1 0 0
113.8 157.8 1.5 0 0 0 1 1 1 0 0
116 50 1.5 0 0 0 1 1 1 0 0
116 52.2 1.5 0 0 0 1 1 1 0 0
116 54.4 1.5 0 0 0 1 1 1 0 0
116 56.6 1.5 0 0 0 1 1 1 0 0
116 58.8 1.5 0 0 0 1 1 1 0 0
116 61 1.5 0 0 0 1 1 1 0 0
116 63.2 1.5 0 0 0 1 1 1 0 0
116 65.4 1.5 0 0 0 1 1 1 0 0
116 67.6 1.5 0 0 0 1 1 1 0 0
116 69.8 1.5 0 0 0 1 1 1 0 0
116 72 1.5 0 0 0 1 1 1 0 0
116 74.2 1.5 0 0 0 1 1 1 0 0
116 76.4 1.5 0 0 0 1 1 1 0 0
116 78.6 1.5 0 0 0 1 1 1 0 0
116 80.8 1.5 0 0 0 1 1 1 0 0
116 83 1.5 0 0 0 1 1 1 0 0
116 85.2 1.5 0 0 0 1 1 1 0 0
116 87.4 1.5 0 0 0 1 1 1 0 0
116 89.6 1.5 0 0 0 1 1 1 0 0
116 91.8 1.5 0 0 0 1 1 1 0 0
116 94 1.5 0 0 0 1 1 1 0 0
116 96.2 1.5 0 0 0 1 1 1 0 0
116 98.4 1.5 0 0 0 1 1 1 0 0
116 100.6 1.5 0 0 0 1 1 1 0 0
116 102.8 1.5 0 0 0 1 1 1 0 0
116 105 1.5 0 0 0 1 1 1 0 0
116 107.2 1.5 0 0 0 1 1 1 0 0
116 109.4 1.5 0 0 0 1 1 1 0 0
116 111.6 1.5 0 0 0 1 1 1 0 0
116 113.8 1.5 0 0 0 1 1 1 0 0
116 116 1.5 0 0 0 1 1 1 0 0
116 118.2 1.5 0 0 0 1 1 1 0 0
116 120.4 1.5 0 0 0 1 1 1 0 0
116 122.6 1.5 0 0 0 1 1 1 0 0
116 124.8 1.5 0 0 0 1 1 1 0 0
116 127 1.5 0 0 0 1 1 1 0 0
116 129.2 1.5 0 0 0 1 1 1 0 0
116 131.4 1.5 0 0 0 1 1 1 0 0
116 133.6 1.5 0 0 0 1 1 1 0 0
116 135.8 1.5 0 0 0 1 1 1 0 0
116 138 1.5 0 0 0 1 1 1 0 0
116 140.2 1.5 0 0 0 1 1 1 0 0
116 142.4 1.5 0 0 0 1 1 1 0 0
116 144.6 1.5 0 0 0 1 1 1 0 0
116 146.8 1.5 0 0 0 1 1 1 0 0
116 149 1.5 0 0 0 1 1 1 0 0
116 151.2 1.5 0 0 0 1 1 1 0 0
116 153.4 1.5 0 0 0 1 1 1 0 0
116 155.6 1.5 0 0 0 1 1 1 0 0
116 157.8 1.5 0 0 0 1 1 1 0 0
118.2 50 1.5 0 0 0 1 1 1 0 0
118.2 52.2 1.5 0 0 0 1 1 1 0 0
118.2 54.4 1.5 0 0 0 1 1 1 0 0
118.2 56.6 1.5 0 0 0 1 1 1 0 0
118.2 58.8 1.5 0 0 0 1 1 1 0 0
118.2 61 1.5 0 0 0 1 1 1 0 0
118.2 63.2 1.5 0 0 0 1 1 1 0 0
118.2 65.4 1.5 0 0 0 1 1 1 0 0
118.2 67.6 1.5 0 0 0 1 1 1 0 0
118.2 69.8 1.5 0 0 0 1 1 1 0 0
118.2 72 1.5 0 0 0 1 1 1 0 0
118.2 74.2 1.5 0 0 0 1 1 1 0 0
118.2 76.4 1.5 0 0 0 1 1 1 0 0
118.2 78.6 1.5 0 0 0 1 1 1 0 0
118.2 80.8 1.5 0 0 0 1 1 1 0 0
118.2 83 1.5 0 0 0 1 1 1 0 0
118.2 85.2 1.5 0 0 0 1 1 1 0 0
118.2 87.4 1.5 0 0 0 1 1 1 0 0
118.2 89.6 1.5 0 0 0 1 1 1 0 0
118.2 91.8 1.5 0 0 0 1 1 1 0 0
118.2 94 1.5 0 0 0 1 1 1 0 0
118.2 96.2 1.5 0 0 0 1 1 1 0 0
118.2 98.4 1.5 0 0 0 1 1 1 0 0
118.2 100.6 1.5 0 0 0 1 1 1 0 0
118.2 102.8 1.5 0 0 0 1 1 1 0 0
118.2 105 1.5 0 0 0 1 1 1 0 0
118.2 107.2 1.5 0 0 0 1 1 1 0 0
118.2 109.4 1.5 0 0 0 1 1 1 0 0
118.2 111.6 1.5 0 0 0 1 1 1 0 0
118.2 113.8 1.5 0 0 0 1 1 1 0 0
118.2 116 1.5 0 0 0 1 1 1 0 0
118.2 118.2 1.5 0 0 0 1 1 1 0 0
118.2 120.4 1.5 0 0 0 1 1 1 0 0
118.2 122.6 1.5 0 0 0 1 1 1 0 0
118.2 124.8 1.5 0 0 0 1 1 1 0 0
118.2 127 1.5 0 0 0 1 1 1 0 0
118.2 129.2 1.5 0 0 0 1 1 1 0 0
118.2 131.4 1.5 0 0 0 1 1 1 0 0
118.2 133.6 1.5 0 0 0 1 1 1 0 0
118.2 135.8 1.5 0 0 0 1 1 1 0 0
118.2 138 1.5 0 0 0 1 1 1 0 0
118.2 140.2 1.5 0 0 0 1 1 1 0 0
118.2 142.4 1.5 0 0 0 1 1 1 0 0
118.2 144.6 1.5 0 0 0 1 1 1 0 0
118.2 146.8 1.5 0 0 0 1 1 1 0 0
118.2 149 1.5 0 0 0 1 1 1 0 0
118.2 151.2 1.5 0 0 0 1 1 1 0 0
118.2 153.4 1.5 0 0 0 1 1 1 0 0
118.2 155.6 1.5 0 0 0 1 1 1 0 0
118.2 157.8 1.5 0 0 0 1 1 1 0 0
120.4 50 1.5 0 0 0 1 1 1 0 0
120.4 52.2 1.5 0 0 0 1 1 1 0 0
120.4 54.4 1.5 0 0 0 1 1 1 0 0
120.4 56.6 1.5 0 0 0 1 1 1 0 0
120.4 58.8 1.5 0 0 0 1 1 1 0 0
120.4 61 1.5 0 0 0 1 1 1 0 0
120.4 63.2 1.5 0 0 0 1 1 1 0 0
120.4 65.4 1.5 0 0 0 1 1 1 0 0
120.4 67.6 1.5 0 0 0 1 1 1 0 0
120.4 69.8 1.5 0 0 0 1 1 1 0 0
120.4 72 1.5 0 0 0 1 1 1 0 0
120.4 74.2 1.5 0 0 0 1 1 1 0 0
120.4 76.4 1.5 0 0 0 1 1 1 0 0
120.4 78.6 1.5 0 0 0 1 1 1 0 0
120.4 80.8 1.5 0 0 0 1 1 1 0 0
120.4 83 1.5 0 0 0 1 1 1 0 0
120.4 85.2 1.5 0 0 0 1 1 1 0 0
120.4 87.4 1.5 0 0 0 1 1 1 0 0
120.4 89.6 1.5 0 0 0 1 1 1 0 0
120.4 91.8 1.5 0 0 0 1 1 1 0 0
120.4 94 1.5 0 0 0 1 1 1 0 0
120.4 96.2 1.5 0 0 0 1 1 1 0 0
120.4 98.4 1.5 0 0 0 1 1 1 0 0
120.4 100.6 1.5 0 0 0 1 1 1 0 0
120.4 102.8 1.5 0 0 0 1 1 1 0 0
120.4 105 1.5 0 0 0 1 1 1 0 0
120.4 107.2 1.5 0 0 0 1 1 1 0 0
120.4 109.4 1.5 0 0 0 1 1 1 0 0
120.4 111.6 1.5 0 0 0 1 1 1 0 0
120.4 113.8 1.5 0 0 0 1 1 1 0 0
120.4 116 1.5 0 0 0 1 1 1 0 0
120.4 118.2 1.5 0 0 0 1 1 1 0 0
120.4 120.4 1.5 0 0 0 1 1 1 0 0
120.4 122.6 1.5 0 0 0 1 1 1 0 0
120.4 124.8 1.5 0 0 0 1 1 1 0 0
120.4 127 1.5 0 0 0 1 1 1 0 0
120.4 129.2 1.5 0 0 0 1 1 1 0 0
120.4 131.4 1.5 0 0 0 1 1 1 0 0
120.4 133.6 1.5 0 0 0 1 1 1 0 0
120.4 135.8 1.5 0 0 0 1 1 1 0 0
120.4 138 1.5 0 0 0 1 1 1 0 0
120.4 140.2 1.5 0 0 0 1 1 1 0 0
120.4 142.4 1.5 0 0 0 1 1 1 0 0
120.4 144.6 1.5 0 0 0 1 1 1 0 0
120.4 146.8 1.5 0 0 0 1 1 1 0 0
120.4 149 1.5 0 0 0 1 1 1 0 0
120.4 151.2 1.5 0 0 0 1 1 1 0 0
120.4 153.4 1.5 0 0 0 1 1 1 0 0
120.4 155.6 1.5 0 0 0 1 1 1 0 0
120.4 157.8 1.5 0 0 0 1 1 1 0 0
122.6 50 1.5 0 0 0 1 1 1 0 0
122.6 52.2 1.5 0 0 0 1 1 1 0 0
122.6 54.4 1.5 0 0 0 1 1 1 0 0
122.6 56.6 1.5 0 0 0 1 1 1 0 0
122.6 58.8 1.5 0 0 0 1 1 1 0 0
122.6 61 1.5 0 0 0 1 1 1 0 0
122.6 63.2 1.5 0 0 0 1 1 1 0 0
122.6 65.4 1.5 0 0 0 1 1 1 0 0
122.6 67.6 1.5 0 0 0 1 1 1 0 0
122.6 69.8 1.5 0 0 0 1 1 1 0 0
122.6 72 1.5 0 0 0 1 1 1 0 0
122.6 74.2 1.5 0 0 0 1 1 1 0 0
122.6 76.4 1.5 0 0 0 1 1 1 0 0
122.6 78.6 1.5 0 0 0 1 1 1 0 0
122.6 80.8 1.5 0 0 0 1 1 1 0 0
122.6 83 1.5 0 0 0 1 1 1 0 0
122.6 85.2 1.5 0 0 0 1 1 1 0 0
122.6 87.4 1.5 0 0 0 1 1 1 0 0
122.6 89.6 1.5 0 0 0 1 1 1 0 0
122.6 91.8 1.5 0 0 0 1 1 1 0 0
122.6 94 1.5 0 0 0 1 1 1 0 0
122.6 96.2 1.5 0 0 0 1 1 1 0 0
122.6 98.4 1.5 0 0 0 1 1 1 0 0
122.6 100.6 1.5 0 0 0 1 1 1 0 0
122.6 102.8 1.5 0 0 0 1 1 1 0 0
122.6 105 1.5 0 0 0 1 1 1 0 0
122.6 107.2 1.5 0 0 0 1 1 1 0 0
122.6 109.4 1.5 0 0 0 1 1 1 0 0
122.6 111.6 1.5 0 0 0 1 1 1 0 0
122.6 113.8 1.5 0 0 0 1 1 1 0 0
122.6 116 1.5 0 0 0 1 1 1 0 0
122.6 118.2 1.5 0 0 0 1 1 1 0 0
122.6 120.4 1.5 0 0 0 1 1 1 0 0
122.6 122.6 1.5 0 0 0 1 1 1 0 0
122.6 124.8 1.5 0 0 0 1 1 1 0 0
122.6 127 1.5 0 0 0 1 1 1 0 0
122.6 129.2 1.5 0 0 0 1 1 1 0 0
122.6 131.4 1.5 0 0 0 1 1 1 0 0
122.6 133.6 1.5 0 0 0 1 1 1 0 0
122.6 135.8 1.5 0 0 0 1 1 1 0 0
122.6 138 1.5 0 0 0 1 1 1 0 0
122.6 140.2 1.5 0 0 0 1 1 1 0 0
122.6 142.4 1.5 0 0 0 1 1 1 0 0
122.6 144.6 1.5 0 0 0 1 1 1 0 0
122.6 146.8 1.5 0 0 0 1 1 1 0 0
122.6 149 1.5 0 0 0 1 1 1 0 0
122.6 151.2 1.5 0 0 0 1 1 1 0 0
122.6 153.4 1.5 0 0 0 1 1 1 0 0
122.6 155.6 1.5 0 0 0 1 1 1 0 0
122.6 157.8 1.5 0 0 0 1 1 1 0 0
124.8 50 1.5 0 0 0 1 1 1 0 0
124.8 52.2 1.5 0 0 0 1 1 1 0 0
124.8 54.4 1.5 0 0 0 1 1 1 0 0
124.8 56.6 1.5 0 0 0 1 1 1 0 0
124.8 58.8 1.5 0 0 0 1 1 1 0 0
124.8 61 1.5 0 0 0 1 1 1 0 0
124.8 63.2 1.5 0 0 0 1 1 1 0 0
124.8 65.4 1.5 0 0 0 1 1 1 0 0
124.8 67.6 1.5 0 0 0 1 1 1 0 0
124.8 69.8 1.5 0 0 0 1 1 1 0 0
124.8 72 1.5 0 0 0 1 1 1 0 0
124.8 74.2 1.5 0 0 0 1 1 1 0 0
124.8 76.4 1.5 0 0 0 1 1 1 0 0
124.8 78.6 1.5 0 0 0 1 1 1 0 0
124.8 80.8 1.5 0 0 0 1 1 1 0 0
124.8 83 1.5 0 0 0 1 1 1 0 0
124.8 85.2 1.5 0 0 0 1 1 1 0 0
124.8 87.4 1.5 0 0 0 1 1 1 0 0
124.8 89.6 1.5 0 0 0 1 1 1 0 0
124.8 91.8 1.5 0 0 0 1 1 1 0 0
124.8 94 1.5 0 0 0 1 1 1 0 0
124.8 96.2 1.5 0 0 0 1 1 1 0 0
124.8 98.4 1.5 0 0 0 1 1 1 0 0
124.8 100.6 1.5 0 0 0 1 1 1 0 0
124.8 102.8 1.5 0 0 0 1 1 1 0 0
124.8 105 1.5 0 0 0 1 1 1 0 0
124.8 107.2 1.5 0 0 0 1 1 1 0 0
124.8 109.4 1.5 0 0 0 1 1 1 0 0
124.8 111.6 1.5 0 0 0 1 1 1 0 0
124.8 113.8 1.5 0 0 0 1 1 1 0 0
124.8 116 1.5 0 0 0 1 1 1 0 0
124.8 118.2 1.5 0 0 0 1 1 1 0 0
124.8 120.4 1.5 0 0 0 1 1 1 0 0
124.8 122.6 1.5 0 0 0 1 1 1 0 0
124.8 124.8 1.5 0 0 0 1 1 1 0 0
124.8 127 1.5 0 0 0 1 1 1 0 0
124.8 129.2 1.5 0 0 0 1 1 1 0 0
124.8 131.4 1.5 0 0 0 1 1 1 0 0
124.8 133.6 1.5 0 0 0 1 1 1 0 0
124.8 135.8 1.5 0 0 0 1 1 1 0 0
124.8 138 1.5 0 0 0 1 1 1 0 0
124.8 140.2 1.5 0 0 0 1 1 1 0 0
124.8 142.4 1.5 0 0 0 1 1 1 0 0
124.8 144.6 1.5 0 0 0 1 1 1 0 0
124.8 146.8 1.5 0 0 0 1 1 1 0 0
124.8 149 1.5 0 0 0 1 1 1 0 0
124.8 151.2 1.5 0 0 0 1 1 1 0 0
124.8 153.4 1.5 0 0 0 1 1 1 0 0
124.8 155.6 1.5 0 0 0 1 1 1 0 0
124.8 157.8 1.5 0 0 0 1 1 1 0 0
127 50 1.5 0 0 0 1 1 1 0 0
127 52.2 1.5 0 0 0 1 1 1 0 0
127 54.4 1.5 0 0 0 1 1 1 0 0
127 56.6 1.5 0 0 0 1 1 1 0 0
127 58.8 1.5 0 0 0 1 1 1 0 0
127 61 1.5 0 0 0 1 1 1 0 0
127 63.2 1.5 0 0 0 1 1 1 0 0
127 65.4 1.5 0 0 0 1 1 1 0 0
127 67.6 1.5 0 0 0 1 1 1 0 0
127 69.8 1.5 0 0 0 1 1 1 0 0
127 72 1.5 0 0 0 1 1 1 0 0
127 74.2 1.5 0 0 0 1 1 1 0 0
127 76.4 1.5 0 0 0 1 1 1 0 0
127 78.6 1.5 0 0 0 1 1 1 0 0
127 80.8 1.5 0 0 0 1 1 1 0 0
127 83 1.5 0 0 0 1 1 1 0 0
127 85.2 1.5 0 0 0 1 1 1 0 0
127 87.4 1.5 0 0 0 1 1 1 0 0
127 89.6 1.5 0 0 0 1 1 1 0 0
127 91.8 1.5 0 0 0 1 1 1 0 0
127 94 1.5 0 0 0 1 1 1 0 0
127 96.2 1.5 0 0 0 1 1 1 0 0
127 98.4 1.5 0 0 0 1 1 1 0 0
127 100.6 1.5 0 0 0 1 1 1 0 0
127 102.8 1.5 0 0 0 1 1 1 0 0
127 105 1.5 0 0 0 1 1 1 0 0
127 107.2 1.5 0 0 0 1 1 1 0 0
127 109.4 1.5 0 0 0 1 1 1 0 0
127 111.6 1.5 0 0 0 1 1 1 0 0
127 113.8 1.5 0 0 0 1 1 1 0 0
127 116 1.5 0 0 0 1 1 1 0 0
127 118.2 1.5 0 0 0 1 1 1 0 0
127 120.4 1.5 0 0 0 1 1 1 0 0
127 122.6 1.5 0 0 0 1 1 1 0 0
127 124.8 1.5 0 0 0 1 1 1 0 0
127 127 1.5 0 0 0 1 1 1 0 0
127 129.2 1.5 0 0 0 1 1 1 0 0
127 131.4 1.5 0 0 0 1 1 1 0 0
127 133.6 1.5 0 0 0 1 1 1 0 0
127 135.8 1.5 0 0 0 1 1 1 0 0
127 138 1.5 0 0 0 1 1 1 0 0
127 140.2 1.5 0 0 0 1 1 1 0 0
127 142.4 1.5 0 0 0 1 1 1 0 0
127 144.6 1.5 0 0 0 1 1 1 0 0
127 146.8 1.5 0 0 0 1 1 1 0 0
127 149 1.5 0 0 0 1 1 1 0 0
127 151.2 1.5 0 0 0 1 1 1 0 0
127 153.4 1.5 0 0 0 1 1 1 0 0
127 155.6 1.5 0 0 0 1 1 1 0 0
127 157.8 1.5 0 0 0 1 1 1 0 0
129.2 50 1.5 0 0 0 1 1 1 0 0
129.2 52.2 1.5 0 0 0 1 1 1 0 0
129.2 54.4 1.5 0 0 0 1 1 1 0 0
129.2 56.6 1.5 0 0 0 1 1 1 0 0
129.2 58.8 1.5 0 0 0 1 1 1 0 0
129.2 61 1.5 0 0 0 1 1 1 0 0
129.2 63.2 1.5 0 0 0 1 1 1 0 0
129.2 65.4 1.5 0 0 0 1 1 1 0 0
129.2 67.6 1.5 0 0 0 1 1 1 0 0
129.2 69.8 1.5 0 0 0 1 1 1 0 0
129.2 72 1.5 0 0 0 1 1 1 0 0
129.2 74.2 1.5 0 0 0 1 1 1 0 0
129.2 76.4 1.5 0 0 0 1 1 1 0 0
129.2 78.6 1.5 0 0 0 1 1 1 0 0
129.2 80.8 1.5 0 0 0 1 1 1 0 0
129.2 83 1.5 0 0 0 1 1 1 0 0
129.2 85.2 1.5 0 0 0 1 1 1 0 0
129.2 87.4 1.5 0 0 0 1 1 1 0 0
129.2 89.6 1.5 0 0 0 1 1 1 0 0
129.2 91.8 1.5 0 0 0 1 1 1 0 0
129.2 94 1.5 0 0 0 1 1 1 0 0
129.2 96.2 1.5 0 0 0 1 1 1 0 0
129.2 98.4 1.5 0 0 0 1 1 1 0 0
129.2 100.6 1.5 0 0 0 1 1 1 0 0
129.2 102.8 1.5 0 0 0 1 1 1 0 0
129.2 105 1.5 0 0 0 1 1 1 0 0
129.2 107.2 1.5 0 0 0 1 1 1 0 0
129.2 109.4 1.5 0 0 0 1 1 1 0 0
129.2 111.6 1.5 0 0 0 1 1 1 0 0
129.2 113.8 1.5 0 0 0 1 1 1 0 0
129.2 116 1.5 0 0 0 1 1 1 0 0
129.2 118.2 1.5 0 0 0 1 1 1 0 0
129.2 120.4 1.5 0 0 0 1 1 1 0 0
129.2 122.6 1.5 0 0 0 1 1 1 0 0
129.2 124.8 1.5 0 0 0 1 1 1 0 0
129.2 127 1.5 0 0 0 1 1 1 0 0
129.2 129.2 1.5 0 0 0 1 1 1 0 0
129.2 131.4 1.5 0 0 0 1 1 1 0 0
129.2 133.6 1.5 0 0 0 1 1 1 0 0
129.2 135.8 1.5 0 0 0 1 1 1 0 0
129.2 138 1.5 0 0 0 1 1 1 0 0
129.2 140.2 1.5 0 0 0 1 1 1 0 0
129.2 142.4 1.5 0 0 0 1 1 1 0 0
129.2 144.6 1.5 0 0 0 1 1 1 0 0
129.2 146.8 1.5 0 0 0 1 1 1 0 0
129.2 149 1.5 0 0 0 1 1 1 0 0
129.2 151.2 1.5 0 0 0 1 1 1 0 0
129.2 153.4 1.5 0 0 0 1 1 1 0 0
129.2 155.6 1.5 0 0 0 1 1 1 0 0
129.2 157.8 1.5 0 0 0 1 1 1 0 0
131.4 50 1.5 0 0 0 1 1 1 0 0
131.4 52.2 1.5 0 0 0 1 1 1 0 0
131.4 54.4 1.5 0 0 0 1 1 1 0 0
131.4 56.6 1.5 0 0 0 1 1 1 0 0
131.4 58.8 1.5 0 0 0 1 1 1 0 0
131.4 61 1.5 0 0 0 1 1 1 0 0
131.4 63.2 1.5 0 0 0 1 1 1 0 0
131.4 65.4 1.5 0 0 0 1 1 1 0 0
131.4 67.6 1.5 0 0 0 1 1 1 0 0
131.4 69.8 1.5 0 0 0 1 1 1 0 0
131.4 72 1.5 0 0 0 1 1 1 0 0
131.4 74.2 1.5 0 0 0 1 1 1 0 0
131.4 76.4 1.5 0 0 0 1 1 1 0 0
131.4 78.6 1.5 0 0 0 1 1 1 0 0
131.4 80.8 1.5 0 0 0 1 1 1 0 0
131.4 83 1.5 0 0 0 1 1 1 0 0
131.4 85.2 1.5 0 0 0 1 1 1 0 0
131.4 87.4 1.5 0 0 0 1 1 1 0 0
131.4 89.6 1.5 0 0 0 1 1 1 0 0
131.4 91.8 1.5 0 0 0 1 1 1 0 0
131.4 94 1.5 0 0 0 1 1 1 0 0
131.4 96.2 1.5 0 0 0 1 1 1 0 0
131.4 98.4 1.5 0 0 0 1 1 1 0 0
131.4 100.6 1.5 0 0 0 1 1 1 0 0
131.4 102.8 1.5 0 0 0 1 1 1 0 0
131.4 105 1.5 0 0 0 1 1 1 0 0
131.4 107.2 1.5 0 0 0 1 1 1 0 0
131.4 109.4 1.5 0 0 0 1 1 1 0 0
131.4 111.6 1.5 0 0 0 1 1 1 0 0
131.4 113.8 1.5 0 0 0 1 1 1 0 0
131.4 116 1.5 0 0 0 1 1 1 0 0
131.4 118.2 1.5 0 0 0 1 1 1 0 0
131.4 120.4 1.5 0 0 0 1 1 1 0 0
131.4 122.6 1.5 0 0 0 1 1 1 0 0
131.4 124.8 1.5 0 0 0 1 1 1 0 0
131.4 127 1.5 0 0 0 1 1 1 0 0
131.4 129.2 1.5 0 0 0 1 1 1 0 0
131.4 131.4 1.5 0 0 0 1 1 1 0 0
131.4 133.6 1.5 0 0 0 1 1 1 0 0
131.4 135.8 1.5 0 0 0 1 1 1 0 0
131.4 138 1.5 0 0 0 1 1 1 0 0
131.4 140.2 1.5 0 0 0 1 1 1 0 0
131.4 142.4 1.5 0 0 0 1 1 1 0 0
131.4 144.6 1.5 0 0 0 1 1 1 0 0
131.4 146.8 1.5 0 0 0 1 1 1 0 0
131.4 149 1.5 0 0 0 1 1 1 0 0
131.4 151.2 1.5 0 0 0 1 1 1 0 0
131.4 153.4 1.5 0 0 0 1 1 1 0 0
131.4 155.6 1.5 0 0 0 1 1 1 0 0
131.4 157.8 1.5 0 0 0 1 1 1 0 0
133.6 50 1.5 0 0 0 1 1 1 0 0
133.6 52.2 1.5 0 0 0 1 1 1 0 0
133.6 54.4 1.5 0 0 0 1 1 1 0 0
133.6 56.6 1.5 0 0 0 1 1 1 0 0
133.6 58.8 1.5 0 0 0 1 1 1 0 0
133.6 61 1.5 0 0 0 1 1 1 0 0
133.6 63.2 1.5 0 0 0 1 1 1 0 0
133.6 65.4 1.5 0 0 0 1 1 1 0 0
133.6 67.6 1.5 0 0 0 1 1 1 0 0
133.6 69.8 1.5 0 0 0 1 1 1 0 0
133.6 72 1.5 0 0 0 1 1 1 0 0
133.6 74.2 1.5 0 0 0 1 1 1 0 0
133.6 76.4 1.5 0 0 0 1 1 1 0 0
133.6 78.6 1.5 0 0 0 1 1 1 0 0
133.6 80.8 1.5 0 0 0 1 1 1 0 0
133.6 83 1.5 0 0 0 1 1 1 0 0
133.6 85.2 1.5 0 0 0 1 1 1 0 0
133.6 87.4 1.5 0 0 0 1 1 1 0 0
133.6 89.6 1.5 0 0 0 1 1 1 0 0
133.6 91.8 1.5 0 0 0 1 1 1 0 0
133.6 94 1.5 0 0 0 1 1 1 0 0
133.6 96.2 1.5 0 0 0 1 1 1 0 0
133.6 98.4 1.5 0 0 0 1 1 1 0 0
133.6 100.6 1.5 0 0 0 1 1 1 0 0
133.6 102.8 1.5 0 0 0 1 1 1 0 0
133.6 105 1.5 0 0 0 1 1 1 0 0
133.6 107.2 1.5 0 0 0 1 1 1 0 0
133.6 109.4 1.5 0 0 0 1 1 1 0 0
133.6 111.6 1.5 0 0 0 1 1 1 0 0
133.6 113.8 1.5 0 0 0 1 1 1 0 0
133.6 116 1.5 0 0 0 1 1 1 0 0
133.6 118.2 1.5 0 0 0 1 1 1 0 0
133.6 120.4 1.5 0 0 0 1 1 1 0 0
133.6 122.6 1.5 0 0 0 1 1 1 0 0
133.6 124.8 1.5 0 0 0 1 1 1 0 0
133.6 127 1.5 0 0 0 1 1 1 0 0
133.6 129.2 1.5 0 0 0 1 1 1 0 0
133.6 131.4 1.5 0 0 0 1 1 1 0 0
133.6 133.6 1.5 0 0 0 1 1 1 0 0
133.6 135.8 1.5 0 0 0 1 1 1 0 0
133.6 138 1.5 0 0 0 1 1 1 0 0
133.6 140.2 1.5 0 0 0 1 1 1 0 0
133.6 142.4 1.5 0 0 0 1 1 1 0 0
133.6 144.6 1.5 0 0 0 1 1 1 0 0
133.6 146.8 1.5 0 0 0 1 1 1 0 0
133.6 149 1.5 0 0 0 1 1 1 0 0
133.6 151.2 1.5 0 0 0 1 1 1 0 0
133.6 153.4 1.5 0 0 0 1 1 1 0 0
133.6 155.6 1.5 0 0 0 1 1 1 0 0
133.6 157.8 1.5 0 0 0 1 1 1 0 0
135.8 50 1.5 0 0 0 1 1 1 0 0
135.8 52.2 1.5 0 0 0 1 1 1 0 0
135.8 54.4 1.5 0 0 0 1 1 1 0 0
135.8 56.6 1.5 0 0 0 1 1 1 0 0
135.8 58.8 1.5 0 0 0 1 1 1 0 0
135.8 61 1.5 0 0 0 1 1 1 0 0
135.8 63.2 1.5 0 0 0 1 1 1 0 0
135.8 65.4 1.5 0 0 0 1 1 1 0 0
135.8 67.6 1.5 0 0 0 1 1 1 0 0
135.8 69.8 1.5 0 0 0 1 1 1 0 0
135.8 72 1.5 0 0 0 1 1 1 0 0
135.8 74.2 1.5 0 0 0 1 1 1 0 0
135.8 76.4 1.5 0 0 0 1 1 1 0 0
135.8 78.6 1.5 0 0 0 1 1 1 0 0
135.8 80.8 1.5 0 0 0 1 1 1 0 0
135.8 83 1.5 0 0 0 1 1 1 0 0
135.8 85.2 1.5 0 0 0 1 1 1 0 0
135.8 87.4 1.5 0 0 0 1 1 1 0 0
135.8 89.6 1.5 0 0 0 1 1 1 0 0
135.8 91.8 1.5 0 0 0 1 1 1 0 0
135.8 94 1.5 0 0 0 1 1 1 0 0
135.8 96.2 1.5 0 0 0 1 1 1 0 0
135.8 98.4 1.5 0 0 0 1 1 1 0 0
135.8 100.6 1.5 0 0 0 1 1 1 0 0
135.8 102.8 1.5 0 0 0 1 1 1 0 0
135.8 105 1.5 0 0 0 1 1 1 0 0
135.8 107.2 1.5 0 0 0 1 1 1 0 0
135.8 109.4 1.5 0 0 0 1 1 1 0 0
135.8 111.6 1.5 0 0 0 1 1 1 0 0
135.8 113.8 1.5 0 0 0 1 1 1 0 0
135.8 116 1.5 0 0 0 1 1 1 0 0
135.8 118.2 1.5 0 0 0 1 1 1 0 0
135.8 120.4 1.5 0 0 0 1 1 1 0 0
135.8 122.6 1.5 0 0 0 1 1 1 0 0
135.8 124.8 1.5 0 0 0 1 1 1 0 0
135.8 127 1.5 0 0 0 1 1 1 0 0
135.8 129.2 1.5 0 0 0 1 1 1 0 0
135.8 131.4 1.5 0 0 0 1 1 1 0 0
135.8 133.6 1.5 0 0 0 1 1 1 0 0
135.8 135.8 1.5 0 0 0 1 1 1 0 0
135.8 138 1.5 0 0 0 1 1 1 0 0
135.8 140.2 1.5 0 0 0 1 1 1 0 0
135.8 142.4 1.5 0 0 0 1 1 1 0 0
135.8 144.6 1.5 0 0 0 1 1 1 0 0
135.8 146.8 1.5 0 0 0 1 1 1 0 0
135.8 149 1.5 0 0 0 1 1 1 0 0
135.8 151.2 1.5 0 0 0 1 1 1 0 0
135.8 153.4 1.5 0 0 0 1 1 1 0 0
135.8 155.6 1.5 0 0 0 1 1 1 0 0
135.8 157.8 1.5 0 0 0 1 1 1 0 0
138 50 1.5 0 0 0 1 1 1 0 0
138 52.2 1.5 0 0 0 1 1 1 0 0
138 54.4 1.5 0 0 0 1 1 1 0 0
138 56.6 1.5 0 0 0 1 1 1 0 0
138 58.8 1.5 0 0 0 1 1 1 0 0
138 61 1.5 0 0 0 1 1 1 0 0
138 63.2 1.5 0 0 0 1 1 1 0 0
138 65.4 1.5 0 0 0 1 1 1 0 0
138 67.6 1.5 0 0 0 1 1 1 0 0
138 69.8 1.5 0 0 0 1 1 1 0 0
138 72 1.5 0 0 0 1 1 1 0 0
138 74.2 1.5 0 0 0 1 1 1 0 0
138 76.4 1.5 0 0 0 1 1 1 0 0
138 78.6 1.5 0 0 0 1 1 1 0 0
138 80.8 1.5 0 0 0 1 1 1 0 0
138 83 1.5 0 0 0 1 1 1 0 0
138 85.2 1.5 0 0 0 1 1 1 0 0
138 87.4 1.5 0 0 0 1 1 1 0 0
138 89.6 1.5 0 0 0 1 1 1 0 0
138 91.8 1.5 0 0 0 1 1 1 0 0
138 94 1.5 0 0 0 1 1 1 0 0
138 96.2 1.5 0 0 0 1 1 1 0 0
138 98.4 1.5 0 0 0 1 1 1 0 0
138 100.6 1.5 0 0 0 1 1 1 0 0
138 102.8 1.5 0 0 0 1 1 1 0 0
138 105 1.5 0 0 0 1 1 1 0 0
138 107.2 1.5 0 0 0 1 1 1 0 0
138 109.4 1.5 0 0 0 1 1 1 0 0
138 111.6 1.5 0 0 0 1 1 1 0 0
138 113.8 1.5 0 0 0 1 1 1 0 0
138 116 1.5 0 0 0 1 1 1 0 0
138 118.2 1.5 0 0 0 1 1 1 0 0
138 120.4 1.5 0 0 0 1 1 1 0 0
138 122.6 1.5 0 0 0 1 1 1 0 0
138 124.8 1.5 0 0 0 1 1 1 0 0
138 127 1.5 0 0 0 1 1 1 0 0
138 129.2 1.5 0 0 0 1 1 1 0 0
138 131.4 1.5 0 0 0 1 1 1 0 0
138 133.6 1.5 0 0 0 1 1 1 0 0
138 135.8 1.5 0 0 0 1 1 1 0 0
138 138 1.5 0 0 0 1 1 1 0 0
138 140.2 1.5 0 0 0 1 1 1 0 0
138 142.4 1.5 0 0 0 1 1 1 0 0
138 144.6 1.5 0 0 0 1 1 1 0 0
138 146.8 1.5 0 0 0 1 1 1 0 0
138 149 1.5 0 0 0 1 1 1 0 0
138 151.2 1.5 0 0 0 1 1 1 0 0
138 153.4 1.5 0 0 0 1 1 1 0 0
138 155.6 1.5 0 0 0 1 1 1 0 0
138 157.8 1.5 0 0 0 1 1 1 0 0
140.2 50 1.5 0 0 0 1 1 1 0 0
140.2 52.2 1.5 0 0 0 1 1 1 0 0
140.2 54.4 1.5 0 0 0 1 1 1 0 0
140.2 56.6 1.5 0 0 0 1 1 1 0 0
140.2 58.8 1.5 0 0 0 1 1 1 0 0
140.2 61 1.5 0 0 0 1 1 1 0 0
140.2 63.2 1.5 0 0 0 1 1 1 0 0
140.2 65.4 1.5 0 0 0 1 1 1 0 0
140.2 67.6 1.5 0 0 0 1 1 1 0 0
140.2 69.8 1.5 0 0 0 1 1 1 0 0
140.2 72 1.5 0 0 0 1 1 1 0 0
140.2 74.2 1.5 0 0 0 1 1 1 0 0
140.2 76.4 1.5 0 0 0 1 1 1 0 0
140.2 78.6 1.5 0 0 0 1 1 1 0 0
140.2 80.8 1.5 0 0 0 1 1 1 0 0
140.2 83 1.5 0 0 0 1 1 1 0 0
140.2 85.2 1.5 0 0 0 1 1 1 0 0
140.2 87.4 1.5 0 0 0 1 1 1 0 0
140.2 89.6 1.5 0 0 0 1 1 1 0 0
140.2 91.8 1.5 0 0 0 1 1 1 0 0
140.2 94 1.5 0 0 0 1 1 1 0 0
140.2 96.2 1.5 0 0 0 1 1 1 0 0
140.2 98.4 1.5 0 0 0 1 1 1 0 0
140.2 100.6 1.5 0 0 0 1 1 1 0 0
140.2 102.8 1.5 0 0 0 1 1 1 0 0
140.2 105 1.5 0 0 0 1 1 1 0 0
140.2 107.2 1.5 0 0 0 1 1 1 0 0
140.2 109.4 1.5 0 0 0 1 1 1 0 0
140.2 111.6 1.5 0 0 0 1 1 1 0 0
140.2 113.8 1.5 0 0 0 1 1 1 0 0
140.2 116 1.5 0 0 0 1 1 1 0 0
140.2 118.2 1.5 0 0 0 1 1 1 0 0
140.2 120.4 1.5 0 0 0 1 1 1 0 0
140.2 122.6 1.5 0 0 0 1 1 1 0 0
140.2 124.8 1.5 0 0 0 1 1 1 0 0
140.2 127 1.5 0 0 0 1 1 1 0 0
140.2 129.2 1.5 0 0 0 1 1 1 0 0
140.2 131.4 1.5 0 0 0 1 1 1 0 0
140.2 133.6 1.5 0 0 0 1 1 1 0 0
140.2 135.8 1.5 0 0 0 1 1 1 0 0
140.2 138 1.5 0 0 0 1 1 1 0 0
140.2 140.2 1.5 0 0 0 1 1 1 0 0
140.2 142.4 1.5 0 0 0 1 1 1 0 0
140.2 144.6 1.5 0 0 0 1 1 1 0 0
140.2 146.8 1.5 0 0 0 1 1 1 0 0
140.2 149 1.5 0 0 0 1 1 1 0 0
140.2 151.2 1.5 0 0 0 1 1 1 0 0
140.2 153.4 1.5 0 0 0 1 1 1 0 0
140.2 155.6 1.5 0 0 0 1 1 1 0 0
140.2 157.8 1.5 0 0 0 1 1 1 0 0
142.4 50 1.5 0 0 0 1 1 1 0 0
142.4 52.2 1.5 0 0 0 1 1 1 0 0
142.4 54.4 1.5 0 0 0 1 1 1 0 0
142.4 56.6 1.5 0 0 0 1 1 1 0 0
142.4 58.8 1.5 0 0 0 1 1 1 0 0
142.4 61 1.5 0 0 0 1 1 1 0 0
142.4 63.2 1.5 0 0 0 1 1 1 0 0
142.4 65.4 1.5 0 0 0 1 1 1 0 0
142.4 67.6 1.5 0 0 0 1 1 1 0 0
142.4 69.8 1.5 0 0 0 1 1 1 0 0
142.4 72 1.5 0 0 0 1 1 1 0 0
142.4 74.2 1.5 0 0 0 1 1 1 0 0
142.4 76.4 1.5 0 0 0 1 1 1 0 0
142.4 78.6 1.5 0 0 0 1 1 1 0 0
142.4 80.8 1.5 0 0 0 1 1 1 0 0
142.4 83 1.5 0 0 0 1 1 1 0 0
142.4 85.2 1.5 0 0 0 1 1 1 0 0
142.4 87.4 1.5 0 0 0 1 1 1 0 0
142.4 89.6 1.5 0 0 0 1 1 1 0 0
142.4 91.8 1.5 0 0 0 1 1 1 0 0
142.4 94 1.5 0 0 0 1 1 1 0 0
142.4 96.2 1.5 0 0 0 1 1 1 0 0
142.4 98.4 1.5 0 0 0 1 1 1 0 0
142.4 100.6 1.5 0 0 0 1 1 1 0 0
142.4 102.8 1.5 0 0 0 1 1 1 0 0
142.4 105 1.5 0 0 0 1 1 1 0 0
142.4 107.2 1.5 0 0 0 1 1 1 0 0
142.4 109.4 1.5 0 0 0 1 1 1 0 0
142.4 111.6 1.5 0 0 0 1 1 1 0 0
142.4 113.8 1.5 0 0 0 1 1 1 0 0
142.4 116 1.5 0 0 0 1 1 1 0 0
142.4 118.2 1.5 0 0 0 1 1 1 0 0
142.4 120.4 1.5 0 0 0 1 1 1 0 0
142.4 122.6 1.5 0 0 0 1 1 1 0 0
142.4 124.8 1.5 0 0 0 1 1 1 0 0
142.4 127 1.5 0 0 0 1 1 1 0 0
142.4 129.2 1.5 0 0 0 1 1 1 0 0
142.4 131.4 1.5 0 0 0 1 1 1 0 0
142.4 133.6 1.5 0 0 0 1 1 1 0 0
142.4 135.8 1.5 0 0 0 1 1 1 0 0
142.4 138 1.5 0 0 0 1 1 1 0 0
142.4 140.2 1.5 0 0 0 1 1 1 0 0
142.4 142.4 1.5 0 0 0 1 1 1 0 0
142.4 144.6 1.5 0 0 0 1 1 1 0 0
142.4 146.8 1.5 0 0 0 1 1 1 0 0
142.4 149 1.5 0 0 0 1 1 1 0 0
142.4 151.2 1.5 0 0 0 1 1 1 0 0
142.4 153.4 1.5 0 0 0 1 1 1 0 0
142.4 155.6 1.5 0 0 0 1 1 1 0 0
142.4 157.8 1.5 0 0 0 1 1 1 0 0
144.6 50 1.5 0 0 0 1 1 1 0 0
144.6 52.2 1.5 0 0 0 1 1 1 0 0
144.6 54.4 1.5 0 0 0 1 1 1 0 0
144.6 56.6 1.5 0 0 0 1 1 1 0 0
144.6 58.8 1.5 0 0 0 1 1 1 0 0
144.6 61 1.5 0 0 0 1 1 1 0 0
144.6 63.2 1.5 0 0 0 1 1 1 0 0
144.6 65.4 1.5 0 0 0 1 1 1 0 0
144.6 67.6 1.5 0 0 0 1 1 1 0 0
144.6 69.8 1.5 0 0 0 1 1 1 0 0
144.6 72 1.5 0 0 0 1 1 1 0 0
144.6 74.2 1.5 0 0 0 1 1 1 0 0
144.6 76.4 1.5 0 0 0 1 1 1 0 0
144.6 78.6 1.5 0 0 0 1 1 1 0 0
144.6 80.8 1.5 0 0 0 1 1 1 0 0
144.6 83 1.5 0 0 0 1 1 1 0 0
144.6 85.2 1.5 0 0 0 1 1 1 0 0
144.6 87.4 1.5 0 0 0 1 1 1 0 0
144.6 89.6 1.5 0 0 0 1 1 1 0 0
144.6 91.8 1.5 0 0 0 1 1 1 0 0
144.6 94 1.5 0 0 0 1 1 1 0 0
144.6 96.2 1.5 0 0 0 1 1 1 0 0
144.6 98.4 1.5 0 0 0 1 1 1 0 0
144.6 100.6 1.5 0 0 0 1 1 1 0 0
144.6 102.8 1.5 0 0 0 1 1 1 0 0
144.6 105 1.5 0 0 0 1 1 1 0 0
144.6 107.2 1.5 0 0 0 1 1 1 0 0
144.6 109.4 1.5 0 0 0 1 1 1 0 0
144.6 111.6 1.5 0 0 0 1 1 1 0 0
144.6 113.8 1.5 0 0 0 1 1 1 0 0
144.6 116 1.5 0 0 0 1 1 1 0 0
144.6 118.2 1.5 0 0 0 1 1 1 0 0
144.6 120.4 1.5 0 0 0 1 1 1 0 0
144.6 122.6 1.5 0 0 0 1 1 1 0 0
144.6 124.8 1.5 0 0 0 1 1 1 0 0
144.6 127 1.5 0 0 0 1 1 1 0 0
144.6 129.2 1.5 0 0 0 1 1 1 0 0
144.6 131.4 1.5 0 0 0 1 1 1 0 0
144.6 133.6 1.5 0 0 0 1 1 1 0 0
144.6 135.8 1.5 0 0 0 1 1 1 0 0
144.6 138 1.5 0 0 0 1 1 1 0 0
144.6 140.2 1.5 0 0 0 1 1 1 0 0
144.6 142.4 1.5 0 0 0 1 1 1 0 0
144.6 144.6 1.5 0 0 0 1 1 1 0 0
144.6 146.8 1.5 0 0 0 1 1 1 0 0
144.6 149 1.5 0 0 0 1 1 1 0 0
144.6 151.2 1.5 0 0 0 1 1 1 0 0
144.6 153.4 1.5 0 0 0 1 1 1 0 0
144.6 155.6 1.5 0 0 0 1 1 1 0 0
144.6 157.8 1.5 0 0 0 1 1 1 0 0
146.8 50 1.5 0 0 0 1 1 1 0 0
146.8 52.2 1.5 0 0 0 1 1 1 0 0
146.8 54.4 1.5 0 0 0 1 1 1 0 0
146.8 56.6 1.5 0 0 0 1 1 1 0 0
146.8 58.8 1.5 0 0 0 1 1 1 0 0
146.8 61 1.5 0 0 0 1 1 1 0 0
146.8 63.2 1.5 0 0 0 1 1 1 0 0
146.8 65.4 1.5 0 0 0 1 1 1 0 0
146.8 67.6 1.5 0 0 0 1 1 1 0 0
146.8 69.8 1.5 0 0 0 1 1 1 0 0
146.8 72 1.5 0 0 0 1 1 1 0 0
146.8 74.2 1.5 0 0 0 1 1 1 0 0
146.8 76.4 1.5 0 0 0 1 1 1 0 0
146.8 78.6 1.5 0 0 0 1 1 1 0 0
146.8 80.8 1.5 0 0 0 1 1 1 0 0
146.8 83 1.5 0 0 0 1 1 1 0 0
146.8 85.2 1.5 0 0 0 1 1 1 0 0
146.8 87.4 1.5 0 0 0 1 1 1 0 0
146.8 89.6 1.5 0 0 0 1 1 1 0 0
146.8 91.8 1.5 0 0 0 1 1 1 0 0
146.8 94 1.5 0 0 0 1 1 1 0 0
146.8 96.2 1.5 0 0 0 1 1 1 0 0
146.8 98.4 1.5 0 0 0 1 1 1 0 0
146.8 100.6 1.5 0 0 0 1 1 1 0 0
146.8 102.8 1.5 0 0 0 1 1 1 0 0
146.8 105 1.5 0 0 0 1 1 1 0 0
146.8 107.2 1.5 0 0 0 1 1 1 0 0
146.8 109.4 1.5 0 0 0 1 1 1 0 0
146.8 111.6 1.5 0 0 0 1 1 1 0 0
146.8 113.8 1.5 0 0 0 1 1 1 0 0
146.8 116 1.5 0 0 0 1 1 1 0 0
146.8 118.2 1.5 0 0 0 1 1 1 0 0
146.8 120.4 1.5 0 0 0 1 1 1 0 0
146.8 122.6 1.5 0 0 0 1 1 1 0 0
146.8 124.8 1.5 0 0 0 1 1 1 0 0
146.8 127 1.5 0 0 0 1 1 1 0 0
146.8 129.2 1.5 0 0 0 1 1 1 0 0
146.8 131.4 1.5 0 0 0 1 1 1 0 0
146.8 133.6 1.5 0 0 0 1 1 1 0 0
146.8 135.8 1.5 0 0 0 1 1 1 0 0
146.8 138 1.5 0 0 0 1 1 1 0 0
146.8 140.2 1.5 0 0 0 1 1 1 0 0
146.8 142.4 1.5 0 0 0 1 1 1 0 0
146.8 144.6 1.5 0 0 0 1 1 1 0 0
146.8 146.8 1.5 0 0 0 1 1 1 0 0
146.8 149 1.5 0 0 0 1 1 1 0 0
146.8 151.2 1.5 0 0 0 1 1 1 0 0
146.8 153.4 1.5 0 0 0 1 1 1 0 0
146.8 155.6 1.5 0 0 0 1 1 1 0 0
146.8 157.8 1.5 0 0 0 1 1 1 0 0
149 50 1.5 0 0 0 1 1 1 0 0
149 52.2 1.5 0 0 0 1 1 1 0 0
149 54.4 1.5 0 0 0 1 1 1 0 0
149 56.6 1.5 0 0 0 1 1 1 0 0
149 58.8 1.5 0 0 0 1 1 1 0 0
149 61 1.5 0 0 0 1 1 1 0 0
149 63.2 1.5 0 0 0 1 1 1 0 0
149 65.4 1.5 0 0 0 1 1 1 0 0
149 67.6 1.5 0 0 0 1 1 1 0 0
149 69.8 1.5 0 0 0 1 1 1 0 0
149 72 1.5 0 0 0 1 1 1 0 0
149 74.2 1.5 0 0 0 1 1 1 0 0
149 76.4 1.5 0 0 0 1 1 1 0 0
149 78.6 1.5 0 0 0 1 1 1 0 0
149 80.8 1.5 0 0 0 1 1 1 0 0
149 83 1.5 0 0 0 1 1 1 0 0
149 85.2 1.5 0 0 0 1 1 1 0 0
149 87.4 1.5 0 0 0 1 1 1 0 0
149 89.6 1.5 0 0 0 1 1 1 0 0
149 91.8 1.5 0 0 0 1 1 1 0 0
149 94 1.5 0 0 0 1 1 1 0 0
149 96.2 1.5 0 0 0 1 1 1 0 0
149 98.4 1.5 0 0 0 1 1 1 0 0
149 100.6 1.5 0 0 0 1 1 1 0 0
149 102.8 1.5 0 0 0 1 1 1 0 0
149 105 1.5 0 0 0 1 1 1 0 0
149 107.2 1.5 0 0 0 1 1 1 0 0
149 109.4 1.5 0 0 0 1 1 1 0 0
149 111.6 1.5 0 0 0 1 1 1 0 0
149 113.8 1.5 0 0 0 1 1 1 0 0
149 116 1.5 0 0 0 1 1 1 0 0
149 118.2 1.5 0 0 0 1 1 1 0 0
149 120.4 1.5 0 0 0 1 1 1 0 0
149 122.6 1.5 0 0 0 1 1 1 0 0
149 124.8 1.5 0 0 0 1 1 1 0 0
149 127 1.5 0 0 0 1 1 1 0 0
149 129.2 1.5 0 0 0 1 1 1 0 0
149 131.4 1.5 0 0 0 1 1 1 0 0
149 133.6 1.5 0 0 0 1 1 1 0 0
149 135.8 1.5 0 0 0 1 1 1 0 0
149 138 1.5 0 0 0 1 1 1 0 0
149 140.2 1.5 0 0 0 1 1 1 0 0
149 142.4 1.5 0 0 0 1 1 1 0 0
149 144.6 1.5 0 0 0 1 1 1 0 0
149 146.8 1.5 0 0 0 1 1 1 0 0
149 149 1.5 0 0 0 1 1 1 0 0
149 151.2 1.5 0 0 0 1 1 1 0 0
149 153.4 1.5 0 0 0 1 1 1 0 0
149 155.6 1.5 0 0 0 1 1 1 0 0
149 157.8 1.5 0 0 0 1 1 1 0 0
151.2 50 1.5 0 0 0 1 1 1 0 0
151.2 52.2 1.5 0 0 0 1 1 1 0 0
151.2 54.4 1.5 0 0 0 1 1 1 0 0
151.2 56.6 1.5 0 0 0 1 1 1 0 0
151.2 58.8 1.5 0 0 0 1 1 1 0 0
151.2 61 1.5 0 0 0 1 1 1 0 0
151.2 63.2 1.5 0 0 0 1 1 1 0 0
151.2 65.4 1.5 0 0 0 1 1 1 0 0
151.2 67.6 1.5 0 0 0 1 1 1 0 0
151.2 69.8 1.5 0 0 0 1 1 1 0 0
151.2 72 1.5 0 0 0 1 1 1 0 0
151.2 74.2 1.5 0 0 0 1 1 1 0 0
151.2 76.4 1.5 0 0 0 1 1 1 0 0
151.2 78.6 1.5 0 0 0 1 1 1 0 0
151.2 80.8 1.5 0 0 0 1 1 1 0 0
151.2 83 1.5 0 0 0 1 1 1 0 0
151.2 85.2 1.5 0 0 0 1 1 1 0 0
151.2 87.4 1.5 0 0 0 1 1 1 0 0
151.2 89.6 1.5 0 0 0 1 1 1 0 0
151.2 91.8 1.5 0 0 0 1 1 1 0 0
151.2 94 1.5 0 0 0 1 1 1 0 0
151.2 96.2 1.5 0 0 0 1 1 1 0 0
151.2 98.4 1.5 0 0 0 1 1 1 0 0
151.2 100.6 1.5 0 0 0 1 1 1 0 0
151.2 102.8 1.5 0 0 0 1 1 1 0 0
151.2 105 1.5 0 0 0 1 1 1 0 0
151.2 107.2 1.5 0 0 0 1 1 1 0 0
151.2 109.4 1.5 0 0 0 1 1 1 0 0
151.2 111.6 1.5 0 0 0 1 1 1 0 0
151.2 113.8 1.5 0 0 0 1 1 1 0 0
151.2 116 1.5 0 0 0 1 1 1 0 0
151.2 118.2 1.5 0 0 0 1 1 1 0 0
151.2 120.4 1.5 0 0 0 1 1 1 0 0
151.2 122.6 1.5 0 0 0 1 1 1 0 0
151.2 124.8 1.5 0 0 0 1 1 1 0 0
151.2 127 1.5 0 0 0 1 1 1 0 0
151.2 129.2 1.5 0 0 0 1 1 1 0 0
151.2 131.4 1.5 0 0 0 1 1 1 0 0
151.2 133.6 1.5 0 0 0 1 1 1 0 0
151.2 135.8 1.5 0 0 0 1 1 1 0 0
151.2 138 1.5 0 0 0 1 1 1 0 0
151.2 140.2 1.5 0 0 0 1 1 1 0 0
151.2 142.4 1.5 0 0 0 1 1 1 0 0
151.2 144.6 1.5 0 0 0 1 1 1 0 0
151.2 146.8 1.5 0 0 0 1 1 1 0 0
151.2 149 1.5 0 0 0 1 1 1 0 0
151.2 151.2 1.5 0 0 0 1 1 1 0 0
151.2 153.4 1.5 0 0 0 1 1 1 0 0
151.2 155.6 1.5 0 0 0 1 1 1 0 0
151.2 157.8 1.5 0 0 0 1 1 1 0 0
153.4 50 1.5 0 0 0 1 1 1 0 0
153.4 52.2 1.5 0 0 0 1 1 1 0 0
153.4 54.4 1.5 0 0 0 1 1 1 0 0
153.4 56.6 1.5 0 0 0 1 1 1 0 0
153.4 58.8 1.5 0 0 0 1 1 1 0 0
153.4 61 1.5 0 0 0 1 1 1 0 0
153.4 63.2 1.5 0 0 0 1 1 1 0 0
153.4 65.4 1.5 0 0 0 1 1 1 0 0
153.4 67.6 1.5 0 0 0 1 1 1 0 0
153.4 69.8 1.5 0 0 0 1 1 1 0 0
153.4 72 1.5 0 0 0 1 1 1 0 0
153.4 74.2 1.5 0 0 0 1 1 1 0 0
153.4 76.4 1.5 0 0 0 1 1 1 0 0
153.4 78.6 1.5 0 0 0 1 1 1 0 0
153.4 80.8 1.5 0 0 0 1 1 1 0 0
153.4 83 1.5 0 0 0 1 1 1 0 0
153.4 85.2 1.5 0 0 0 1 1 1 0 0
153.4 87.4 1.5 0 0 0 1 1 1 0 0
153.4 89.6 1.5 0 0 0 1 1 1 0 0
153.4 91.8 1.5 0 0 0 1 1 1 0 0
153.4 94 1.5 0 0 0 1 1 1 0 0
153.4 96.2 1.5 0 0 0 1 1 1 0 0
153.4 98.4 1.5 0 0 0 1 1 1 0 0
153.4 100.6 1.5 0 0 0 1 1 1 0 0
153.4 102.8 1.5 0 0 0 1 1 1 0 0
153.4 105 1.5 0 0 0 1 1 1 0 0
153.4 107.2 1.5 0 0 0 1 1 1 0 0
153.4 109.4 1.5 0 0 0 1 1 1 0 0
153.4 111.6 1.5 0 0 0 1 1 1 0 0
153.4 113.8 1.5 0 0 0 1 1 1 0 0
153.4 116 1.5 0 0 0 1 1 1 0 0
153.4 118.2 1.5 0 0 0 1 1 1 0 0
153.4 120.4 1.5 0 0 0 1 1 1 0 0
153.4 122.6 1.5 0 0 0 1 1 1 0 0
153.4 124.8 1.5 0 0 0 1 1 1 0 0
153.4 127 1.5 0 0 0 1 1 1 0 0
153.4 129.2 1.5 0 0 0 1 1 1 0 0
153.4 131.4 1.5 0 0 0 1 1 1 0 0
153.4 133.6 1.5 0 0 0 1 1 1 0 0
153.4 135.8 1.5 0 0 0 1 1 1 0 0
153.4 138 1.5 0 0 0 1 1 1 0 0
153.4 140.2 1.5 0 0 0 1 1 1 0 0
153.4 142.4 1.5 0 0 0 1 1 1 0 0
153.4 144.6 1.5 0 0 0 1 1 1 0 0
153.4 146.8 1.5 0 0 0 1 1 1 0 0
153.4 149 1.5 0 0 0 1 1 1 0 0
153.4 151.2 1.5 0 0 0 1 1 1 0 0
153.4 153.4 1.5 0 0 0 1 1 1 0 0
153.4 155.6 1.5 0 0 0 1 1 1 0 0
153.4 157.8 1.5 0 0 0 1 1 1 0 0
155.6 50 1.5 0 0 0 1 1 1 0 0
155.6 52.2 1.5 0 0 0 1 1 1 0 0
155.6 54.4 1.5 0 0 0 1 1 1 0 0
155.6 56.6 1.5 0 0 0 1 1 1 0 0
155.6 58.8 1.5 0 0 0 1 1 1 0 0
155.6 61 1.5 0 0 0 1 1 1 0 0
155.6 63.2 1.5 0 0 0 1 1 1 0 0
155.6 65.4 1.5 0 0 0 1 1 1 0 0
155.6 67.6 1.5 0 0 0 1 1 1 0 0
155.6 69.8 1.5 0 0 0 1 1 1 0 0
155.6 72 1.5 0 0 0 1 1 1 0 0
155.6 74.2 1.5 0 0 0 1 1 1 0 0
155.6 76.4 1.5 0 0 0 1 1 1 0 0
155.6 78.6 1.5 0 0 0 1 1 1 0 0
155.6 80.8 1.5 0 0 0 1 1 1 0 0
155.6 83 1.5 0 0 0 1 1 1 0 0
155.6 85.2 1.5 0 0 0 1 1 1 0 0
155.6 87.4 1.5 0 0 0 1 1 1 0 0
155.6 89.6 1.5 0 0 0 1 1 1 0 0
155.6 91.8 1.5 0 0 0 1 1 1 0 0
155.6 94 1.5 0 0 0 1 1 1 0 0
155.6 96.2 1.5 0 0 0 1 1 1 0 0
155.6 98.4 1.5 0 0 0 1 1 1 0 0
155.6 100.6 1.5 0 0 0 1 1 1 0 0
155.6 102.8 1.5 0 0 0 1 1 1 0 0
155.6 105 1.5 0 0 0 1 1 1 0 0
155.6 107.2 1.5 0 0 0 1 1 1 0 0
155.6 109.4 1.5 0 0 0 1 1 1 0 0
155.6 111.6 1.5 0 0 0 1 1 1 0 0
155.6 113.8 1.5 0 0 0 1 1 1 0 0
155.6 116 1.5 0 0 0 1 1 1 0 0
155.6 118.2 1.5 0 0 0 1 1 1 0 0
155.6 120.4 1.5 0 0 0 1 1 1 0 0
155.6 122.6 1.5 0 0 0 1 1 1 0 0
155.6 124.8 1.5 0 0 0 1 1 1 0 0
155.6 127 1.5 0 0 0 1 1 1 0 0
155.6 129.2 1.5 0 0 0 1 1 1 0 0
155.6 131.4 1.5 0 0 0 1 1 1 0 0
155.6 133.6 1.5 0 0 0 1 1 1 0 0
155.6 135.8 1.5 0 0 0 1 1 1 0 0
155.6 138 1.5 0 0 0 1 1 1 0 0
155.6 140.2 1.5 0 0 0 1 1 1 0 0
155.6 142.4 1.5 0 0 0 1 1 1 0 0
155.6 144.6 1.5 0 0 0 1 1 1 0 0
155.6 146.8 1.5 0 0 0 1 1 1 0 0
155.6 149 1.5 0 0 0 1 1 1 0 0
155.6 151.2 1.5 0 0 0 1 1 1 0 0
155.6 153.4 1.5 0 0 0 1 1 1 0 0
155.6 155.6 1.5 0 0 0 1 1 1 0 0
155.6 157.8 1.5 0 0 0 1 1 1 0 0
157.8 50 1.5 0 0 0 1 1 1 0 0
157.8 52.2 1.5 0 0 0 1 1 1 0 0
157.8 54.4 1.5 0 0 0 1 1 1 0 0
157.8 56.6 1.5 0 0 0 1 1 1 0 0
157.8 58.8 1.5 0 0 0 1 1 1 0 0
157.8 61 1.5 0 0 0 1 1 1 0 0
157.8 63.2 1.5 0 0 0 1 1 1 0 0
157.8 65.4 1.5 0 0 0 1 1 1 0 0
157.8 67.6 1.5 0 0 0 1 1 1 0 0
157.8 69.8 1.5 0 0 0 1 1 1 0 0
157.8 72 1.5 0 0 0 1 1 1 0 0
157.8 74.2 1.5 0 0 0 1 1 1 0 0
157.8 76.4 1.5 0 0 0 1 1 1 0 0
157.8 78.6 1.5 0 0 0 1 1 1 0 0
157.8 80.8 1.5 0 0 0 1 1 1 0 0
157.8 83 1.5 0 0 0 1 1 1 0 0
157.8 85.2 1.5 0 0 0 1 1 1 0 0
157.8 87.4 1.5 0 0 0 1 1 1 0 0
157.8 89.6 1.5 0 0 0 1 1 1 0 0
157.8 91.8 1.5 0 0 0 1 1 1 0 0
157.8 94 1.5 0 0 0 1 1 1 0 0
157.8 96.2 1.5 0 0 0 1 1 1 0 0
157.8 98.4 1.5 0 0 0 1 1 1 0 0
157.8 100.6 1.5 0 0 0 1 1 1 0 0
157.8 102.8 1.5 0 0 0 1 1 1 0 0
157.8 105 1.5 0 0 0 1 1 1 0 0
157.8 107.2 1.5 0 0 0 1 1 1 0 0
157.8 109.4 1.5 0 0 0 1 1 1 0 0
157.8 111.6 1.5 0 0 0 1 1 1 0 0
157.8 113.8 1.5 0 0 0 1 1 1 0 0
157.8 116 1.5 0 0 0 1 1 1 0 0
157.8 118.2 1.5 0 0 0 1 1 1 0 0
157.8 120.4 1.5 0 0 0 1 1 1 0 0
157.8 122.6 1.5 0 0 0 1 1 1 0 0
157.8 124.8 1.5 0 0 0 1 1 1 0 0
157.8 127 1.5 0 0 0 1 1 1 0 0
157.8 129.2 1.5 0 0 0 1 1 1 0 0
157.8 131.4 1.5 0 0 0 1 1 1 0 0
157.8 133.6 1.5 0 0 0 1 1 1 0 0
157.8 135.8 1.5 0 0 0 1 1 1 0 0
157.8 138 1.5 0 0 0 1 1 1 0 0
157.8 140.2 1.5 0 0 0 1 1 1 0 0
157.8 142.4 1.5 0 0 0 1 1 1 0 0
157.8 144.6 1.5 0 0 0 1 1 1 0 0
157.8 146.8 1.5 0 0 0 1 1 1 0 0
157.8 149 1.5 0 0 0 1 1 1 0 0
157.8 151.2 1.5 0 0 0 1 1 1 0 0
157.8 153.4 1.5 0 0 0 1 1 1 0 0
157.8 155.6 1.5 0 0 0 1 1 1 0 0
157.8 157.8 1.5 0 0 0 1 1 1 0 0
